85.075529 101.052632 78.285714
103.250755 56.781955 93.714286
110.598187 56.781955 44.000000
47.178248 51.969925 81.714286
85.075529 94.315789 85.142857
40.217523 93.353383 43.428571
107.504532 58.706767 53.142857
114.078550 56.781955 63.428571
85.848943 85.654135 100.571429
80.821752 102.977444 66.285714
104.024169 67.368421 56.000000
92.036254 104.902256 71.428571
39.057402 73.142857 26.285714
89.329305 102.977444 68.000000
32.096677 88.541353 93.142857
102.477341 66.406015 81.142857
105.957704 53.894737 86.857143
83.528701 50.045113 98.285714
35.577039 86.616541 37.714286
102.477341 72.180451 44.571429
81.981873 73.142857 99.428571
27.842900 83.729323 81.142857
82.755287 65.443609 104.571429
37.510574 75.067669 82.857143
40.217523 102.015038 60.571429
34.803625 61.593985 65.714286
105.957704 80.842105 58.285714
95.516616 72.180451 26.285714
71.927492 79.879699 24.571429
43.697885 97.203008 61.714286
93.196375 89.503759 66.285714
35.190332 102.977444 65.142857
28.616314 74.105263 87.428571
90.102719 100.090226 60.571429
92.809668 76.992481 90.285714
95.516616 81.804511 58.285714
93.583082 54.857143 106.857143
100.157100 82.766917 57.714286
93.969789 67.368421 23.428571
40.604230 57.744361 100.000000
19.335347 70.255639 78.285714
95.516616 95.278195 70.857143
86.622356 99.127820 76.571429
83.528701 99.127820 89.714286
36.350453 92.390977 96.571429
25.522659 93.353383 84.000000
47.564955 93.353383 67.428571
18.561934 64.481203 73.714286
30.936556 64.481203 29.142857
98.223565 82.766917 96.000000
85.462236 107.789474 73.142857
112.531722 66.406015 64.571429
33.256798 90.466165 50.857143
38.670695 96.240602 49.714286
37.897281 50.045113 21.142857
95.903323 61.593985 96.571429
82.368580 91.428571 94.285714
69.993958 82.766917 27.428571
77.341390 86.616541 38.285714
100.543807 52.932331 88.000000
36.737160 92.390977 99.428571
83.141994 96.240602 89.142857
82.755287 60.631579 101.142857
102.090634 60.631579 29.714286
34.416918 61.593985 22.857143
83.141994 99.127820 90.285714
80.821752 102.015038 85.714286
81.208459 78.917293 35.428571
31.323263 51.007519 22.857143
82.755287 100.090226 68.571429
19.722054 58.706767 92.571429
98.996979 49.082707 99.428571
47.178248 100.090226 84.571429
49.498489 78.917293 32.571429
35.577039 102.977444 78.285714
