84.688822 102.015038 78.857143
103.250755 57.744361 93.714286
111.371601 56.781955 45.142857
47.178248 52.932331 81.142857
85.075529 95.278195 85.714286
40.217523 93.353383 44.000000
106.731118 59.669173 54.857143
114.465257 56.781955 62.285714
85.462236 85.654135 101.142857
80.821752 103.939850 66.857143
103.637462 68.330827 56.000000
91.649547 104.902256 72.000000
38.670695 73.142857 26.285714
89.329305 102.977444 68.571429
32.096677 88.541353 93.142857
102.477341 67.368421 81.142857
105.957704 54.857143 86.857143
83.915408 51.969925 97.714286
35.190332 86.616541 37.714286
102.477341 72.180451 45.142857
81.595166 74.105263 99.428571
27.842900 84.691729 81.142857
82.755287 66.406015 104.000000
37.510574 75.067669 84.000000
40.217523 102.015038 61.142857
34.803625 62.556391 65.714286
105.570997 81.804511 58.285714
96.290030 73.142857 26.857143
71.927492 79.879699 25.714286
43.697885 97.203008 61.714286
93.583082 89.503759 66.285714
35.190332 102.977444 65.714286
28.229607 75.067669 87.428571
90.102719 101.052632 61.142857
92.809668 78.917293 89.714286
95.516616 81.804511 58.285714
93.583082 54.857143 106.857143
100.543807 83.729323 57.714286
93.196375 69.293233 26.285714
40.604230 58.706767 100.000000
18.948640 71.218045 78.285714
95.129909 96.240602 71.428571
86.622356 99.127820 76.571429
83.141994 99.127820 89.714286
36.350453 92.390977 96.000000
25.522659 94.315789 84.000000
47.564955 93.353383 68.000000
18.561934 66.406015 73.714286
30.936556 65.443609 29.142857
97.836858 83.729323 96.000000
85.075529 107.789474 73.714286
112.531722 66.406015 64.000000
33.256798 90.466165 51.428571
38.670695 96.240602 50.285714
37.897281 50.045113 20.571429
95.516616 62.556391 96.000000
82.368580 91.428571 94.285714
70.380665 82.766917 28.000000
77.728097 86.616541 38.285714
100.543807 53.894737 86.857143
37.123867 91.428571 100.000000
83.141994 96.240602 88.571429
82.755287 61.593985 100.571429
102.477341 61.593985 29.714286
34.416918 61.593985 22.857143
82.755287 100.090226 89.714286
80.821752 102.015038 85.714286
81.208459 78.917293 36.000000
31.323263 51.969925 22.857143
82.755287 101.052632 69.142857
20.108761 60.631579 93.142857
99.383686 50.045113 99.428571
46.791541 100.090226 85.142857
50.271903 78.917293 33.142857
35.963746 102.977444 78.857143
