85.075529 101.052632 78.285714
102.864048 51.969925 95.428571
111.758308 52.932331 45.142857
47.951662 47.157895 81.142857
85.075529 94.315789 85.714286
39.830816 93.353383 42.857143
106.344411 54.857143 53.714286
114.851964 52.932331 64.000000
86.235650 83.729323 101.142857
80.435045 102.977444 65.714286
104.024169 65.443609 56.000000
92.422961 104.902256 71.428571
38.670695 72.180451 25.714286
89.716012 102.977444 67.428571
32.483384 85.654135 94.857143
102.864048 62.556391 82.285714
106.344411 48.120301 89.142857
83.528701 46.195489 97.714286
35.190332 86.616541 36.571429
102.477341 69.293233 42.857143
82.368580 69.293233 100.571429
27.842900 82.766917 81.714286
82.755287 61.593985 105.142857
37.510574 71.218045 84.000000
39.830816 102.015038 60.571429
35.577039 58.706767 65.142857
106.344411 78.917293 58.857143
95.516616 70.255639 25.142857
71.927492 79.879699 24.571429
43.697885 97.203008 61.142857
93.583082 88.541353 65.714286
34.416918 102.977444 65.714286
28.616314 69.293233 88.571429
90.489426 100.090226 60.000000
92.809668 75.067669 90.285714
95.903323 79.879699 58.285714
93.196375 48.120301 108.000000
100.930514 81.804511 57.142857
92.422961 67.368421 25.142857
40.990937 51.969925 100.571429
19.335347 65.443609 80.571429
95.903323 94.315789 70.285714
86.622356 99.127820 76.571429
83.528701 98.165414 90.285714
36.350453 90.466165 96.571429
25.135952 92.390977 85.142857
47.951662 92.390977 66.857143
18.948640 62.556391 75.428571
30.936556 63.518797 29.142857
98.610272 80.842105 96.571429
85.848943 107.789474 73.142857
112.918429 62.556391 65.142857
32.870091 89.503759 50.857143
37.897281 96.240602 49.714286
38.283988 48.120301 20.571429
95.903323 55.819549 97.142857
82.755287 89.503759 94.857143
69.993958 81.804511 26.857143
76.181269 85.654135 36.571429
100.157100 48.120301 88.571429
36.737160 91.428571 99.428571
83.141994 95.278195 89.714286
82.755287 54.857143 101.142857
102.477341 58.706767 29.142857
34.416918 60.631579 22.857143
83.141994 99.127820 90.285714
80.821752 102.015038 85.714286
81.208459 77.954887 35.428571
31.323263 50.045113 22.857143
82.755287 100.090226 68.000000
19.722054 51.969925 94.857143
98.996979 43.308271 100.571429
46.791541 99.127820 84.571429
50.658610 78.917293 32.000000
35.190332 102.977444 78.285714
