25.135952 61.593985 46.285714
38.670695 51.969925 24.000000
35.190332 52.932331 18.857143
85.462236 51.007519 106.285714
18.561934 80.842105 60.571429
48.338369 46.195489 97.142857
42.924471 105.864662 82.285714
93.583082 88.541353 65.714286
83.528701 44.270677 98.285714
51.045317 43.308271 77.142857
78.501511 76.992481 33.714286
39.830816 43.308271 16.000000
95.903323 94.315789 70.285714
51.045317 62.556391 82.285714
17.015106 86.616541 58.285714
40.604230 101.052632 80.571429
86.622356 50.045113 100.000000
19.722054 63.518797 81.142857
83.915408 43.308271 99.428571
46.404834 78.917293 37.142857
83.141994 80.842105 99.428571
108.664653 57.744361 80.000000
42.151057 48.120301 93.714286
87.395770 75.067669 38.285714
35.963746 66.406015 86.285714
93.583082 68.330827 93.714286
40.990937 104.902256 65.714286
80.821752 102.015038 85.714286
35.963746 73.142857 93.714286
96.290030 76.030075 62.285714
22.042296 61.593985 86.285714
94.743202 86.616541 86.857143
85.462236 59.669173 100.571429
40.990937 74.105263 95.428571
47.564955 38.496241 94.857143
35.190332 44.270677 109.142857
46.791541 99.127820 84.571429
83.915408 106.827068 76.000000
105.184290 65.443609 89.142857
30.936556 63.518797 29.142857
93.583082 67.368421 93.142857
39.830816 93.353383 42.857143
83.528701 98.165414 90.285714
71.540785 78.917293 24.571429
98.610272 72.180451 89.714286
34.803625 66.406015 25.714286
99.383686 75.067669 74.857143
40.990937 85.654135 48.571429
39.444109 47.157895 22.285714
90.876133 92.390977 86.285714
90.489426 104.902256 73.142857
102.864048 85.654135 82.857143
44.471299 51.969925 76.000000
36.350453 67.368421 30.857143
47.564955 47.157895 22.857143
46.404834 92.390977 82.857143
24.362538 73.142857 68.571429
43.697885 52.932331 94.285714
87.395770 97.203008 53.142857
31.323263 46.195489 20.571429
50.658610 78.917293 32.571429
110.598187 58.706767 56.000000
101.703927 73.142857 89.142857
40.990937 49.082707 101.142857
37.897281 96.240602 49.714286
33.256798 95.278195 40.571429
79.274924 97.203008 75.428571
15.854985 81.804511 55.428571
95.516616 95.278195 67.428571
27.842900 81.804511 82.285714
30.163142 59.669173 97.142857
82.755287 88.541353 94.857143
93.196375 101.052632 70.857143
100.930514 67.368421 41.714286
103.637462 87.578947 57.714286
24.749245 70.255639 34.857143
88.942598 93.353383 42.857143
20.882175 90.466165 63.428571
37.510574 64.481203 62.857143
102.477341 60.631579 82.857143
87.782477 87.578947 32.000000
92.809668 95.278195 53.714286
36.737160 67.368421 92.000000
106.344411 54.857143 54.857143
13.148036 69.293233 61.142857
80.821752 77.954887 35.428571
97.450151 90.466165 80.000000
31.323263 45.233083 93.714286
17.788520 83.729323 70.857143
99.770393 78.917293 75.428571
85.462236 74.105263 101.142857
45.244713 67.368421 91.428571
43.697885 97.203008 61.142857
87.009063 66.406015 93.142857
77.728097 94.315789 86.285714
97.063444 96.240602 60.000000
96.290030 59.669173 82.857143
97.450151 89.503759 78.857143
85.075529 38.496241 105.714286
107.117825 52.932331 43.428571
42.151057 98.165414 60.000000
40.990937 99.127820 54.857143
83.141994 43.308271 106.857143
31.323263 67.368421 25.714286
19.335347 64.481203 80.571429
35.190332 61.593985 28.000000
39.057402 55.819549 102.857143
30.163142 90.466165 40.000000
87.782477 103.939850 90.857143
48.338369 77.954887 84.000000
82.755287 100.090226 68.000000
45.244713 51.007519 97.142857
29.003021 76.030075 60.571429
48.338369 98.165414 83.428571
34.803625 100.090226 69.714286
38.670695 55.819549 74.857143
38.670695 85.654135 88.000000
36.350453 56.781955 61.142857
69.607251 81.804511 26.857143
30.936556 91.428571 88.571429
89.716012 102.977444 67.428571
60.326284 65.443609 18.857143
92.422961 48.120301 106.857143
95.903323 79.879699 58.285714
85.075529 101.052632 78.285714
103.250755 50.045113 96.000000
111.758308 51.969925 45.142857
47.951662 45.233083 81.142857
85.075529 93.353383 85.714286
114.851964 51.969925 64.571429
86.235650 82.766917 101.714286
80.435045 102.977444 65.714286
104.024169 64.481203 56.571429
92.422961 104.902256 71.428571
38.670695 72.180451 25.714286
32.483384 84.691729 95.428571
106.344411 47.157895 89.714286
34.803625 86.616541 36.571429
102.864048 69.293233 43.428571
82.368580 68.330827 100.571429
82.755287 60.631579 105.142857
37.510574 69.293233 85.142857
39.830816 102.015038 60.571429
35.963746 57.744361 65.714286
106.731118 78.917293 58.857143
95.903323 70.255639 25.142857
34.416918 102.977444 65.714286
28.616314 68.330827 89.142857
90.489426 100.090226 60.000000
92.809668 74.105263 90.857143
93.196375 46.195489 108.000000
100.930514 81.804511 57.714286
92.422961 66.406015 25.142857
86.622356 99.127820 76.571429
36.350453 89.503759 97.142857
25.135952 92.390977 85.142857
47.951662 92.390977 66.857143
18.948640 60.631579 76.571429
98.610272 79.879699 96.571429
85.848943 107.789474 73.142857
112.918429 61.593985 65.714286
32.483384 89.503759 50.857143
38.283988 48.120301 20.571429
95.516616 54.857143 97.714286
76.567976 85.654135 36.571429
100.543807 46.195489 89.142857
36.737160 90.466165 100.000000
83.141994 95.278195 89.714286
82.755287 53.894737 101.142857
102.864048 58.706767 29.142857
34.416918 60.631579 22.857143
83.141994 99.127820 90.857143
31.323263 50.045113 22.857143
20.108761 51.969925 95.428571
98.996979 41.383459 101.142857
35.190332 102.977444 78.857143
101.703927 84.691729 81.714286
35.190332 93.353383 57.714286
52.978852 79.879699 29.714286
29.389728 101.052632 81.714286
100.930514 76.992481 94.285714
85.462236 68.330827 23.428571
49.885196 97.203008 76.000000
95.903323 91.428571 58.285714
32.483384 103.939850 72.571429
107.891239 40.421053 97.142857
85.462236 67.368421 24.571429
14.308157 53.894737 69.142857
78.501511 86.616541 37.142857
32.096677 71.218045 87.428571
102.090634 92.390977 66.857143
46.018127 72.180451 22.285714
58.006042 73.142857 22.285714
35.963746 74.105263 39.428571
87.009063 92.390977 39.428571
45.244713 94.315789 76.000000
83.915408 83.729323 98.285714
104.024169 56.781955 56.000000
106.344411 62.556391 87.428571
45.631420 86.616541 89.714286
43.697885 53.894737 97.142857
30.936556 62.556391 37.142857
88.169184 72.180451 33.714286
54.525680 75.067669 24.571429
100.157100 75.067669 50.285714
97.063444 71.218045 101.714286
23.202417 77.954887 51.428571
80.435045 91.428571 49.142857
104.797583 42.345865 93.714286
40.217523 97.203008 69.714286
88.169184 100.090226 93.142857
85.075529 76.992481 101.714286
35.577039 95.278195 88.571429
102.090634 62.556391 46.857143
95.516616 90.466165 58.285714
94.743202 102.015038 72.000000
47.178248 77.954887 42.285714
104.797583 81.804511 71.428571
107.504532 48.120301 88.571429
96.676737 40.421053 97.142857
45.631420 41.383459 92.571429
25.135952 44.270677 17.142857
44.471299 50.045113 79.428571
33.256798 69.293233 42.857143
87.009063 56.781955 106.285714
36.737160 41.383459 100.000000
98.223565 76.992481 93.142857
27.456193 83.729323 34.857143
82.755287 98.165414 69.142857
26.682779 34.646617 106.285714
21.268882 87.578947 83.428571
105.184290 53.894737 80.571429
30.549849 76.992481 76.000000
44.084592 104.902256 73.714286
25.522659 96.240602 61.714286
97.450151 76.030075 54.857143
32.096677 56.781955 34.857143
76.567976 71.218045 28.000000
42.151057 100.090226 87.428571
81.981873 94.315789 43.428571
87.782477 84.691729 96.571429
78.114804 105.864662 80.571429
90.489426 85.654135 97.142857
90.876133 98.165414 84.571429
31.323263 46.195489 92.571429
51.045317 89.503759 84.000000
112.531722 53.894737 66.857143
82.368580 58.706767 96.000000
40.990937 101.052632 62.285714
93.969789 76.030075 32.571429
33.256798 84.691729 58.857143
35.963746 80.842105 43.428571
83.915408 69.293233 26.857143
25.135952 72.180451 96.571429
28.229607 82.766917 38.285714
86.235650 82.766917 38.285714
22.815710 76.992481 64.571429
18.175227 75.067669 46.857143
19.335347 72.180451 57.714286
81.981873 80.842105 88.000000
27.456193 99.127820 74.285714
72.700906 76.030075 25.142857
42.151057 76.992481 25.142857
113.691843 52.932331 65.142857
78.114804 104.902256 78.857143
15.854985 59.669173 76.571429
32.870091 96.240602 90.285714
22.815710 65.443609 85.142857
87.782477 63.518797 20.000000
97.836858 63.518797 81.714286
52.978852 35.609023 84.571429
86.235650 83.729323 38.285714
90.102719 105.864662 78.857143
39.444109 80.842105 89.714286
41.377644 75.067669 97.714286
97.063444 77.954887 92.571429
46.791541 58.706767 34.857143
42.151057 82.766917 36.000000
79.661631 89.503759 60.571429
42.537764 94.315789 52.571429
29.003021 79.879699 35.428571
97.063444 88.541353 37.714286
19.335347 54.857143 78.285714
30.549849 51.007519 28.000000
80.821752 102.977444 89.714286
90.876133 97.203008 84.571429
16.241692 55.819549 36.000000
95.516616 65.443609 43.428571
92.036254 49.082707 105.142857
102.864048 55.819549 100.000000
22.815710 94.315789 68.571429
100.930514 69.293233 86.857143
104.410876 59.669173 50.857143
109.051360 64.481203 38.857143
30.936556 70.255639 26.285714
92.036254 47.157895 106.857143
33.643505 98.165414 76.571429
87.782477 65.443609 94.285714
82.755287 103.939850 70.857143
99.770393 61.593985 28.000000
