26.296073 65.443609 46.285714
38.283988 53.894737 24.000000
34.803625 54.857143 18.857143
85.462236 58.706767 105.142857
19.335347 83.729323 59.428571
48.338369 55.819549 96.000000
42.924471 106.827068 82.285714
93.196375 90.466165 67.428571
83.528701 51.969925 98.285714
49.885196 51.007519 77.714286
79.661631 78.917293 35.428571
39.444109 46.195489 16.000000
95.129909 96.240602 72.571429
51.045317 68.330827 82.857143
18.561934 88.541353 57.714286
40.990937 102.015038 81.142857
86.622356 57.744361 99.428571
19.335347 71.218045 78.857143
84.302115 51.969925 98.857143
46.018127 79.879699 37.714286
82.368580 84.691729 98.285714
108.664653 65.443609 77.714286
41.764350 57.744361 93.142857
88.169184 77.954887 39.428571
35.963746 73.142857 85.142857
93.196375 75.067669 92.571429
41.377644 104.902256 66.285714
80.048338 102.977444 86.285714
36.350453 79.879699 91.428571
96.290030 78.917293 62.857143
21.268882 69.293233 84.000000
94.743202 89.503759 86.857143
85.462236 67.368421 99.428571
41.377644 79.879699 92.571429
47.178248 49.082707 93.714286
35.190332 55.819549 106.857143
47.178248 100.090226 85.142857
83.528701 106.827068 77.142857
104.797583 74.105263 88.000000
30.936556 65.443609 29.142857
93.583082 75.067669 92.000000
39.830816 93.353383 45.142857
82.755287 99.127820 89.714286
73.087613 81.804511 27.428571
98.610272 77.954887 89.142857
34.416918 68.330827 26.857143
99.770393 78.917293 75.428571
40.990937 86.616541 49.714286
38.670695 50.045113 22.857143
90.102719 94.315789 87.428571
89.716012 105.864662 74.857143
102.477341 89.503759 82.857143
43.311178 58.706767 76.571429
35.963746 69.293233 32.000000
46.791541 50.045113 22.857143
46.404834 94.315789 83.428571
24.749245 76.992481 67.428571
43.311178 61.593985 93.714286
87.395770 98.165414 56.571429
30.936556 48.120301 21.142857
49.498489 78.917293 33.142857
110.211480 64.481203 55.428571
101.703927 77.954887 88.000000
40.604230 58.706767 100.000000
38.283988 96.240602 51.428571
34.030211 95.278195 42.857143
79.274924 98.165414 77.142857
17.015106 84.691729 54.857143
94.356495 97.203008 70.285714
27.842900 85.654135 81.142857
29.776435 69.293233 94.857143
81.981873 92.390977 94.285714
92.036254 102.015038 73.142857
100.543807 72.180451 44.000000
102.477341 90.466165 58.857143
25.522659 73.142857 35.428571
88.942598 95.278195 46.857143
22.815710 91.428571 63.428571
37.123867 68.330827 62.857143
102.864048 68.330827 82.285714
87.395770 89.503759 34.285714
92.036254 97.203008 57.142857
36.737160 75.067669 90.857143
106.344411 60.631579 54.857143
13.921450 73.142857 59.428571
82.368580 79.879699 37.142857
97.450151 92.390977 81.714286
31.323263 55.819549 90.285714
18.561934 86.616541 69.714286
99.770393 81.804511 76.571429
85.075529 78.917293 99.428571
45.244713 75.067669 90.285714
43.697885 98.165414 62.857143
86.622356 73.142857 92.571429
77.728097 95.278195 85.714286
95.903323 98.165414 62.857143
97.063444 66.406015 81.142857
96.676737 92.390977 80.000000
85.075529 47.157895 105.142857
107.504532 57.744361 44.000000
42.151057 98.165414 61.714286
41.377644 99.127820 56.571429
83.141994 51.969925 106.857143
31.323263 69.293233 26.857143
19.335347 71.218045 78.285714
34.416918 63.518797 28.571429
39.057402 66.406015 101.142857
31.709970 91.428571 41.142857
86.235650 103.939850 90.285714
48.338369 81.804511 84.000000
82.755287 101.052632 69.714286
45.244713 60.631579 96.000000
29.776435 78.917293 60.571429
48.338369 99.127820 84.000000
35.577039 101.052632 70.285714
37.510574 62.556391 75.428571
38.670695 88.541353 87.428571
35.190332 62.556391 62.285714
71.540785 83.729323 28.571429
30.936556 94.315789 88.000000
88.942598 103.939850 69.714286
58.779456 67.368421 19.428571
92.422961 56.781955 105.714286
96.290030 82.766917 60.000000
84.302115 102.015038 80.000000
103.250755 58.706767 93.714286
111.371601 56.781955 45.714286
46.791541 53.894737 81.142857
84.688822 95.278195 85.714286
113.691843 57.744361 63.428571
85.075529 86.616541 101.142857
80.435045 103.939850 67.428571
104.024169 69.293233 57.142857
91.262840 105.864662 73.714286
38.670695 74.105263 27.428571
32.096677 89.503759 93.142857
105.957704 55.819549 86.857143
35.190332 87.578947 37.714286
102.477341 73.142857 45.142857
81.208459 75.067669 98.857143
83.141994 68.330827 102.857143
37.897281 76.030075 83.428571
39.830816 102.015038 61.714286
34.416918 63.518797 66.857143
105.957704 81.804511 60.571429
96.676737 74.105263 27.428571
35.190332 102.977444 66.285714
28.229607 76.030075 87.428571
90.102719 101.052632 62.285714
92.809668 78.917293 90.857143
93.196375 54.857143 107.428571
100.543807 84.691729 59.428571
93.583082 71.218045 27.428571
86.235650 100.090226 77.714286
36.350453 93.353383 96.000000
25.522659 94.315789 84.571429
47.178248 93.353383 68.571429
18.561934 67.368421 73.714286
97.450151 84.691729 96.571429
85.075529 107.789474 74.857143
112.145015 68.330827 65.142857
33.256798 90.466165 52.000000
37.510574 51.007519 21.142857
95.903323 64.481203 96.000000
77.341390 86.616541 38.285714
100.157100 54.857143 86.857143
36.737160 94.315789 98.857143
82.368580 97.203008 89.714286
82.755287 61.593985 100.571429
102.864048 62.556391 31.428571
34.416918 62.556391 22.857143
82.368580 100.090226 89.714286
31.323263 52.932331 24.000000
20.108761 60.631579 92.571429
98.996979 51.969925 99.428571
35.963746 103.939850 78.857143
102.090634 88.541353 81.714286
35.577039 94.315789 58.857143
52.205438 79.879699 30.285714
30.163142 102.015038 81.142857
100.157100 82.766917 93.714286
86.622356 72.180451 24.571429
49.498489 98.165414 77.142857
95.516616 93.353383 61.142857
33.256798 103.939850 73.142857
107.504532 51.007519 94.285714
86.622356 72.180451 26.857143
14.694864 60.631579 66.285714
79.661631 87.578947 38.857143
32.096677 76.992481 85.142857
100.543807 94.315789 69.142857
45.244713 74.105263 24.000000
56.459215 74.105263 23.428571
36.350453 76.030075 40.571429
87.782477 94.315789 43.428571
45.244713 95.278195 77.142857
83.141994 87.578947 97.714286
104.024169 62.556391 57.142857
105.570997 71.218045 85.714286
45.631420 89.503759 89.714286
44.084592 63.518797 96.571429
30.936556 65.443609 37.142857
88.942598 75.067669 35.428571
53.365559 76.030075 25.714286
99.770393 77.954887 51.428571
96.676737 77.954887 100.571429
24.362538 79.879699 51.428571
81.981873 93.353383 52.000000
104.797583 51.969925 90.857143
40.217523 98.165414 70.857143
87.782477 101.052632 93.142857
83.915408 81.804511 100.571429
35.963746 97.203008 88.571429
101.703927 67.368421 48.000000
95.129909 92.390977 61.142857
93.583082 102.977444 74.285714
46.791541 78.917293 42.285714
104.024169 84.691729 72.571429
107.117825 56.781955 85.142857
97.063444 50.045113 95.428571
45.244713 51.969925 91.428571
25.135952 46.195489 17.142857
42.924471 57.744361 79.428571
33.256798 71.218045 43.428571
87.009063 65.443609 105.142857
36.350453 52.932331 97.714286
97.450151 81.804511 93.142857
28.616314 85.654135 36.000000
82.755287 99.127820 71.428571
28.616314 46.195489 104.000000
21.655589 90.466165 82.285714
105.570997 61.593985 78.857143
30.549849 80.842105 74.857143
44.084592 104.902256 74.285714
27.069486 97.203008 62.857143
97.063444 78.917293 56.000000
32.096677 59.669173 34.857143
78.501511 74.105263 29.142857
42.537764 101.052632 88.000000
82.755287 96.240602 47.428571
86.622356 88.541353 95.428571
77.728097 105.864662 80.571429
90.102719 90.466165 97.142857
90.102719 99.127820 86.285714
31.323263 55.819549 89.714286
51.045317 90.466165 84.571429
111.758308 60.631579 65.142857
82.368580 65.443609 96.000000
40.990937 102.015038 62.857143
93.583082 78.917293 34.857143
33.643505 86.616541 59.428571
36.350453 81.804511 44.000000
85.462236 72.180451 28.571429
25.135952 79.879699 93.714286
29.389728 83.729323 39.428571
87.009063 84.691729 40.000000
23.202417 79.879699 64.571429
19.335347 77.954887 46.285714
20.108761 76.030075 57.142857
81.981873 84.691729 87.428571
28.616314 100.090226 74.285714
73.474320 77.954887 26.285714
41.764350 77.954887 26.285714
112.918429 58.706767 63.428571
78.114804 104.902256 79.428571
15.468278 66.406015 73.142857
33.256798 98.165414 89.714286
22.815710 73.142857 82.857143
88.555891 67.368421 21.714286
97.836858 70.255639 81.142857
51.818731 44.270677 85.142857
87.009063 85.654135 40.571429
89.329305 106.827068 80.000000
39.444109 85.654135 88.571429
41.764350 81.804511 94.285714
96.676737 82.766917 92.571429
45.631420 61.593985 35.428571
42.151057 83.729323 37.142857
80.821752 91.428571 61.714286
42.537764 94.315789 54.285714
30.163142 80.842105 36.571429
96.290030 90.466165 40.000000
18.948640 62.556391 75.428571
30.549849 53.894737 28.571429
81.981873 103.939850 88.000000
90.102719 99.127820 86.285714
16.628399 58.706767 35.428571
95.903323 70.255639 44.571429
92.036254 57.744361 103.428571
103.250755 65.443609 98.857143
23.975831 95.278195 69.142857
100.543807 76.030075 86.285714
104.797583 65.443609 51.428571
107.891239 70.255639 41.142857
30.936556 72.180451 27.428571
92.036254 55.819549 105.714286
34.416918 99.127820 77.142857
87.395770 73.142857 93.714286
82.368580 104.902256 72.571429
99.383686 66.406015 30.285714
