85.075529 101.052632 78.285714
102.864048 54.857143 93.714286
110.598187 54.857143 44.000000
47.564955 50.045113 80.571429
85.075529 94.315789 85.714286
40.217523 93.353383 42.857143
104.410876 59.669173 56.000000
114.465257 54.857143 63.428571
86.235650 84.691729 101.142857
80.821752 102.977444 66.285714
104.024169 66.406015 56.000000
92.036254 104.902256 71.428571
38.670695 72.180451 25.142857
89.716012 102.977444 68.000000
32.096677 87.578947 93.714286
102.864048 64.481203 81.714286
105.957704 51.969925 88.000000
83.915408 49.082707 98.285714
35.190332 86.616541 36.571429
102.477341 70.255639 43.428571
81.981873 71.218045 100.571429
27.842900 83.729323 81.142857
82.755287 63.518797 105.142857
37.897281 73.142857 84.000000
39.830816 102.015038 60.571429
35.190332 59.669173 65.142857
105.957704 80.842105 58.285714
95.516616 71.218045 25.142857
71.927492 79.879699 25.142857
43.697885 97.203008 61.142857
93.196375 89.503759 65.714286
34.803625 102.977444 65.142857
28.616314 71.218045 88.000000
90.102719 100.090226 60.000000
92.809668 76.992481 90.285714
95.516616 80.842105 58.285714
93.196375 51.007519 107.428571
100.543807 82.766917 57.714286
92.036254 67.368421 25.142857
40.990937 54.857143 100.000000
19.335347 68.330827 78.857143
95.516616 95.278195 70.285714
86.622356 99.127820 76.571429
83.528701 99.127820 89.714286
36.350453 91.428571 96.571429
25.522659 93.353383 84.000000
47.564955 93.353383 67.428571
18.561934 63.518797 74.285714
30.936556 64.481203 28.571429
98.223565 82.766917 96.000000
85.462236 107.789474 73.142857
112.918429 64.481203 64.000000
33.643505 89.503759 50.857143
38.283988 96.240602 49.714286
37.897281 48.120301 20.000000
95.516616 59.669173 96.000000
82.755287 90.466165 94.285714
69.993958 82.766917 27.428571
77.341390 85.654135 37.142857
100.930514 51.007519 87.428571
37.510574 90.466165 100.000000
83.141994 96.240602 89.142857
82.755287 57.744361 101.142857
102.477341 60.631579 29.714286
34.030211 60.631579 22.857143
83.141994 99.127820 89.714286
80.821752 102.015038 85.714286
81.208459 78.917293 36.000000
31.323263 50.045113 22.857143
83.141994 100.090226 68.571429
20.108761 55.819549 93.714286
98.996979 45.233083 100.000000
47.178248 100.090226 84.571429
50.271903 78.917293 31.428571
35.577039 102.977444 78.285714
