85.075529 101.052632 78.285714
103.250755 50.045113 96.000000
111.758308 51.969925 45.142857
47.951662 45.233083 81.142857
85.075529 93.353383 85.714286
39.830816 93.353383 42.857143
106.344411 54.857143 54.857143
114.851964 51.969925 64.571429
86.235650 82.766917 101.714286
80.435045 102.977444 65.714286
104.024169 64.481203 56.571429
92.422961 104.902256 71.428571
38.670695 72.180451 25.714286
89.716012 102.977444 67.428571
32.483384 84.691729 95.428571
102.477341 60.631579 82.857143
106.344411 47.157895 89.714286
83.528701 44.270677 98.285714
34.803625 86.616541 36.571429
102.864048 69.293233 43.428571
82.368580 68.330827 100.571429
27.842900 81.804511 82.285714
82.755287 60.631579 105.142857
37.510574 69.293233 85.142857
39.830816 102.015038 60.571429
35.963746 57.744361 65.714286
106.731118 78.917293 58.857143
95.903323 70.255639 25.142857
71.540785 78.917293 24.571429
43.697885 97.203008 61.142857
93.583082 88.541353 65.714286
34.416918 102.977444 65.714286
28.616314 68.330827 89.142857
90.489426 100.090226 60.000000
92.809668 74.105263 90.857143
95.903323 79.879699 58.285714
93.196375 46.195489 108.000000
100.930514 81.804511 57.714286
92.422961 66.406015 25.142857
40.990937 49.082707 101.142857
19.335347 64.481203 80.571429
95.903323 94.315789 70.285714
86.622356 99.127820 76.571429
83.528701 98.165414 90.285714
36.350453 89.503759 97.142857
25.135952 92.390977 85.142857
47.951662 92.390977 66.857143
18.948640 60.631579 76.571429
30.936556 63.518797 29.142857
98.610272 79.879699 96.571429
85.848943 107.789474 73.142857
112.918429 61.593985 65.714286
32.483384 89.503759 50.857143
37.897281 96.240602 49.714286
38.283988 48.120301 20.571429
95.516616 54.857143 97.714286
82.755287 88.541353 94.857143
69.607251 81.804511 26.857143
76.567976 85.654135 36.571429
100.543807 46.195489 89.142857
36.737160 90.466165 100.000000
83.141994 95.278195 89.714286
82.755287 53.894737 101.142857
102.864048 58.706767 29.142857
34.416918 60.631579 22.857143
83.141994 99.127820 90.857143
80.821752 102.015038 85.714286
80.821752 77.954887 35.428571
31.323263 50.045113 22.857143
82.755287 100.090226 68.000000
20.108761 51.969925 95.428571
98.996979 41.383459 101.142857
46.791541 99.127820 84.571429
50.658610 78.917293 32.571429
35.190332 102.977444 78.857143
