84.302115 102.015038 80.000000
103.250755 58.706767 93.714286
111.371601 56.781955 45.714286
46.791541 53.894737 81.142857
84.688822 95.278195 85.714286
39.830816 93.353383 45.142857
106.344411 60.631579 54.857143
113.691843 57.744361 63.428571
85.075529 86.616541 101.142857
80.435045 103.939850 67.428571
104.024169 69.293233 57.142857
91.262840 105.864662 73.714286
38.670695 74.105263 27.428571
88.942598 103.939850 69.714286
32.096677 89.503759 93.142857
102.864048 68.330827 82.285714
105.957704 55.819549 86.857143
83.528701 51.969925 98.285714
35.190332 87.578947 37.714286
102.477341 73.142857 45.142857
81.208459 75.067669 98.857143
27.842900 85.654135 81.142857
83.141994 68.330827 102.857143
37.897281 76.030075 83.428571
39.830816 102.015038 61.714286
34.416918 63.518797 66.857143
105.957704 81.804511 60.571429
96.676737 74.105263 27.428571
73.087613 81.804511 27.428571
43.697885 98.165414 62.857143
93.196375 90.466165 67.428571
35.190332 102.977444 66.285714
28.229607 76.030075 87.428571
90.102719 101.052632 62.285714
92.809668 78.917293 90.857143
96.290030 82.766917 60.000000
93.196375 54.857143 107.428571
100.543807 84.691729 59.428571
93.583082 71.218045 27.428571
40.604230 58.706767 100.000000
19.335347 71.218045 78.285714
95.129909 96.240602 72.571429
86.235650 100.090226 77.714286
82.755287 99.127820 89.714286
36.350453 93.353383 96.000000
25.522659 94.315789 84.571429
47.178248 93.353383 68.571429
18.561934 67.368421 73.714286
30.936556 65.443609 29.142857
97.450151 84.691729 96.571429
85.075529 107.789474 74.857143
112.145015 68.330827 65.142857
33.256798 90.466165 52.000000
38.283988 96.240602 51.428571
37.510574 51.007519 21.142857
95.903323 64.481203 96.000000
81.981873 92.390977 94.285714
71.540785 83.729323 28.571429
77.341390 86.616541 38.285714
100.157100 54.857143 86.857143
36.737160 94.315789 98.857143
82.368580 97.203008 89.714286
82.755287 61.593985 100.571429
102.864048 62.556391 31.428571
34.416918 62.556391 22.857143
82.368580 100.090226 89.714286
80.048338 102.977444 86.285714
82.368580 79.879699 37.142857
31.323263 52.932331 24.000000
82.755287 101.052632 69.714286
20.108761 60.631579 92.571429
98.996979 51.969925 99.428571
47.178248 100.090226 85.142857
49.498489 78.917293 33.142857
35.963746 103.939850 78.857143
