92.000000 76.571429 95.067961
104.500000 107.428571 77.669903
29.500000 24.000000 111.223301
34.000000 86.857143 85.126214
81.500000 90.285714 45.359223
51.000000 110.857143 67.106796
88.500000 90.285714 96.932039
51.500000 113.142857 77.048544
83.000000 73.142857 105.009709
36.500000 52.571429 108.737864
103.000000 62.857143 96.310680
50.500000 108.571429 79.533981
101.500000 109.714286 77.669903
94.500000 51.428571 19.883495
22.500000 41.142857 93.203883
115.000000 70.857143 49.708738
39.500000 106.285714 57.786408
25.000000 48.000000 85.126214
34.000000 85.714286 89.475728
98.500000 90.285714 47.223301
92.000000 53.714286 95.689320
39.500000 117.714286 83.883495
43.500000 113.142857 84.504854
17.000000 60.571429 44.116505
52.000000 65.142857 31.067961
92.000000 72.000000 35.417476
23.000000 54.857143 100.038835
103.500000 57.142857 96.310680
15.500000 51.428571 40.388350
32.500000 90.285714 53.436893
54.000000 58.285714 75.805825
105.000000 68.571429 86.990291
33.000000 81.142857 52.194175
18.500000 51.428571 68.970874
16.000000 65.142857 85.126214
97.500000 54.857143 39.766990
88.500000 106.285714 67.728155
82.500000 104.000000 73.320388
43.500000 68.571429 36.660194
33.500000 74.285714 98.796117
45.000000 42.285714 102.524272
39.000000 50.285714 74.563107
19.500000 54.857143 92.582524
47.000000 112.000000 69.592233
37.000000 109.714286 78.912621
51.500000 108.571429 73.320388
32.000000 50.285714 50.951456
28.500000 37.714286 32.310680
78.000000 59.428571 21.747573
46.000000 104.000000 72.699029
38.000000 56.000000 94.446602
51.500000 106.285714 62.757282
50.000000 105.142857 63.378641
25.500000 61.714286 33.553398
98.000000 86.857143 100.660194
98.500000 60.571429 34.796117
100.000000 53.714286 48.466019
40.500000 66.285714 49.708738
100.500000 54.857143 102.524272
37.500000 94.857143 93.203883
36.000000 54.857143 39.145631
44.500000 29.714286 98.796117
23.500000 44.571429 29.825243
103.000000 108.571429 69.592233
26.500000 83.428571 80.155340
46.000000 83.428571 62.135922
96.000000 58.285714 96.310680
102.000000 65.142857 68.349515
28.000000 50.285714 29.203883
25.000000 83.428571 93.825243
103.500000 97.142857 86.990291
96.000000 108.571429 70.834951
99.000000 52.571429 65.864078
19.500000 82.285714 66.485437
34.000000 68.571429 90.097087
