41.500000 46.857143 27.339806
116.000000 70.857143 60.271845
36.000000 43.428571 70.834951
39.500000 59.428571 53.436893
30.000000 67.428571 56.543689
27.500000 53.714286 85.747573
89.500000 48.000000 87.611650
106.000000 33.142857 97.553398
52.500000 121.142857 75.805825
103.000000 49.142857 71.456311
35.000000 65.142857 40.388350
113.000000 29.714286 50.951456
97.500000 74.285714 92.582524
53.500000 77.714286 78.912621
115.000000 53.714286 67.728155
53.500000 96.000000 88.854369
112.000000 76.571429 74.563107
44.500000 42.285714 22.990291
42.000000 70.857143 94.446602
45.000000 50.285714 73.320388
110.000000 57.142857 45.359223
96.000000 67.428571 45.980583
97.500000 94.857143 98.796117
28.000000 65.142857 84.504854
97.000000 108.571429 82.640777
109.500000 65.142857 52.815534
15.500000 62.857143 52.194175
23.000000 60.571429 99.417476
15.500000 48.000000 86.990291
8.000000 34.285714 74.563107
116.500000 56.000000 62.757282
24.500000 69.714286 88.854369
45.500000 40.000000 28.582524
43.000000 67.428571 36.038835
47.500000 116.571429 66.485437
90.000000 105.142857 67.728155
115.000000 48.000000 57.786408
19.000000 75.428571 67.106796
41.500000 48.000000 22.990291
87.000000 97.142857 58.407767
15.000000 70.857143 66.485437
91.000000 66.285714 82.019417
44.000000 115.428571 88.233010
37.500000 68.571429 98.174757
48.500000 86.857143 98.174757
38.000000 113.142857 70.213592
27.000000 75.428571 62.757282
28.000000 99.428571 94.446602
79.500000 105.142857 73.941748
43.000000 97.142857 54.058252
105.000000 102.857143 70.213592
87.500000 98.285714 50.330097
83.500000 113.142857 70.213592
28.000000 64.000000 58.407767
47.000000 92.571429 92.582524
97.500000 70.857143 46.601942
18.500000 62.857143 82.019417
101.500000 75.428571 86.990291
106.000000 70.857143 40.388350
40.000000 81.142857 101.281553
98.500000 105.142857 75.184466
103.000000 75.428571 62.757282
17.500000 51.428571 80.776699
16.500000 44.571429 40.388350
98.500000 92.571429 57.786408
96.000000 98.285714 77.669903
105.500000 72.000000 85.747573
27.000000 62.857143 33.553398
35.500000 81.142857 52.815534
103.500000 98.285714 85.747573
17.000000 42.285714 95.067961
96.000000 109.714286 82.640777
91.500000 106.285714 67.106796
39.500000 102.857143 86.990291
97.500000 100.571429 88.233010
107.000000 66.285714 54.058252
37.000000 70.857143 80.155340
53.500000 112.000000 80.776699
102.500000 44.571429 87.611650
29.500000 59.428571 72.699029
23.500000 56.000000 47.844660
52.000000 110.857143 77.669903
105.500000 46.857143 49.708738
111.500000 40.000000 44.737864
48.500000 33.142857 93.825243
88.000000 50.285714 85.126214
44.500000 52.571429 48.466019
59.500000 73.142857 29.203883
25.000000 99.428571 65.242718
80.500000 81.142857 37.902913
49.500000 104.000000 64.000000
52.000000 115.428571 77.048544
101.000000 38.857143 19.883495
89.500000 90.285714 100.660194
99.500000 91.428571 83.883495
34.000000 88.000000 88.854369
87.000000 75.428571 33.553398
90.000000 65.142857 82.019417
87.500000 115.428571 86.990291
24.500000 52.571429 85.126214
98.000000 70.857143 59.029126
44.500000 50.285714 84.504854
93.500000 86.857143 94.446602
33.500000 77.714286 41.631068
43.500000 112.000000 68.970874
30.000000 100.571429 90.718447
48.500000 60.571429 27.339806
27.500000 88.000000 70.834951
49.000000 44.571429 80.776699
50.500000 105.142857 90.097087
88.500000 34.285714 100.038835
90.000000 70.857143 37.281553
107.500000 59.428571 46.601942
117.000000 21.714286 40.388350
33.500000 90.285714 53.436893
57.000000 81.142857 84.504854
94.000000 77.714286 101.281553
42.000000 53.714286 50.951456
23.000000 53.714286 67.728155
95.500000 107.428571 70.213592
96.000000 99.428571 86.368932
26.000000 85.714286 78.912621
87.500000 112.000000 86.368932
97.000000 74.285714 91.961165
43.000000 88.000000 77.669903
58.000000 100.571429 68.970874
22.500000 46.857143 93.203883
97.000000 60.571429 44.737864
85.000000 75.428571 37.902913
102.000000 45.714286 88.854369
96.000000 106.285714 93.825243
111.000000 57.142857 65.242718
18.500000 56.000000 34.174757
94.500000 70.857143 66.485437
81.000000 99.428571 54.679612
91.000000 66.285714 32.932039
78.000000 89.142857 41.631068
104.500000 96.000000 72.077670
36.000000 46.857143 69.592233
56.000000 109.714286 67.728155
110.500000 94.857143 74.563107
51.500000 112.000000 73.941748
109.000000 78.857143 72.699029
42.500000 116.571429 73.941748
42.000000 44.571429 44.737864
50.000000 98.285714 64.621359
31.000000 107.428571 83.883495
36.000000 90.285714 96.932039
92.000000 78.857143 95.067961
104.000000 107.428571 77.669903
30.000000 32.000000 111.223301
34.000000 88.000000 84.504854
81.500000 90.285714 45.980583
51.000000 110.857143 67.106796
88.500000 91.428571 96.932039
51.500000 113.142857 77.048544
83.000000 75.428571 104.388350
36.500000 58.285714 108.116505
103.500000 67.428571 95.689320
50.500000 108.571429 79.533981
101.000000 109.714286 77.669903
93.500000 51.428571 19.883495
114.000000 72.000000 48.466019
40.000000 106.285714 58.407767
25.000000 52.571429 85.126214
34.000000 86.857143 88.854369
98.000000 90.285714 47.844660
92.500000 58.285714 95.689320
39.500000 117.714286 83.262136
43.500000 113.142857 84.504854
18.000000 61.714286 42.252427
52.500000 65.142857 31.689320
91.000000 72.000000 35.417476
103.500000 61.714286 95.689320
16.500000 52.571429 39.145631
54.000000 60.571429 77.048544
105.500000 72.000000 86.368932
33.500000 81.142857 52.194175
18.500000 56.000000 68.970874
16.500000 68.571429 84.504854
97.000000 56.000000 39.766990
88.500000 106.285714 67.728155
82.000000 105.142857 73.320388
44.500000 68.571429 36.660194
34.000000 77.714286 98.174757
45.000000 49.142857 102.524272
39.000000 53.714286 75.184466
19.500000 59.428571 91.961165
47.000000 112.000000 69.592233
37.500000 109.714286 78.291262
51.500000 108.571429 73.320388
32.500000 51.428571 50.330097
29.500000 38.857143 32.310680
78.000000 59.428571 22.368932
46.500000 104.000000 72.699029
38.000000 60.571429 94.446602
51.500000 106.285714 62.757282
50.000000 105.142857 63.378641
98.000000 88.000000 100.660194
97.500000 61.714286 34.796117
99.500000 56.000000 48.466019
41.000000 67.428571 49.708738
100.500000 59.428571 101.902913
37.500000 96.000000 93.203883
37.000000 56.000000 39.145631
45.000000 35.428571 98.796117
24.500000 45.714286 29.203883
102.500000 108.571429 69.592233
26.500000 84.571429 78.912621
46.000000 84.571429 62.135922
96.500000 62.857143 96.310680
102.000000 67.428571 67.728155
29.000000 51.428571 29.203883
24.500000 85.714286 92.582524
95.500000 108.571429 70.834951
99.000000 56.000000 65.864078
20.000000 83.428571 65.242718
34.500000 72.000000 89.475728
60.500000 96.000000 78.291262
48.000000 65.142857 96.932039
98.500000 101.714286 64.621359
36.000000 52.571429 36.038835
83.500000 107.428571 64.621359
104.500000 94.857143 72.077670
108.000000 72.000000 41.009709
42.500000 108.571429 68.349515
89.500000 80.000000 45.980583
28.000000 106.285714 70.834951
21.500000 52.571429 44.116505
20.500000 91.428571 81.398058
113.500000 35.428571 64.000000
87.500000 78.857143 32.310680
56.000000 58.285714 27.961165
19.500000 57.142857 83.883495
114.500000 64.000000 75.805825
41.500000 106.285714 60.271845
96.500000 42.285714 64.621359
91.500000 98.285714 67.106796
87.000000 93.714286 99.417476
43.000000 74.285714 36.660194
47.500000 81.142857 37.281553
96.000000 91.428571 77.048544
47.000000 114.285714 78.291262
55.500000 59.428571 28.582524
95.000000 81.142857 101.281553
42.500000 76.571429 32.932039
28.500000 68.571429 97.553398
94.500000 112.000000 86.368932
40.000000 88.000000 67.106796
113.000000 56.000000 53.436893
93.000000 105.142857 59.029126
99.000000 104.000000 65.242718
48.000000 108.571429 78.291262
95.000000 117.714286 81.398058
32.000000 80.000000 69.592233
86.000000 66.285714 96.310680
92.500000 104.000000 85.126214
53.500000 104.000000 83.262136
52.000000 107.428571 67.106796
84.500000 100.571429 57.165049
42.000000 89.142857 77.669903
34.500000 89.142857 84.504854
85.500000 96.000000 70.834951
48.500000 93.714286 93.203883
18.500000 46.857143 62.757282
29.500000 61.714286 96.310680
90.500000 69.714286 39.145631
86.500000 97.142857 70.834951
96.500000 109.714286 68.349515
88.000000 43.428571 72.699029
92.000000 72.000000 102.524272
47.500000 89.142857 83.262136
96.500000 65.142857 27.339806
88.000000 35.428571 97.553398
96.000000 100.571429 56.543689
54.000000 92.571429 40.388350
36.500000 83.428571 89.475728
29.500000 109.714286 71.456311
100.000000 59.428571 33.553398
84.000000 82.285714 100.038835
103.000000 67.428571 78.291262
45.000000 101.714286 56.543689
113.000000 83.428571 59.650485
43.000000 100.571429 65.864078
16.500000 49.142857 64.621359
87.500000 86.857143 95.689320
93.000000 62.857143 94.446602
106.500000 50.285714 40.388350
111.500000 66.285714 46.601942
49.000000 86.857143 70.213592
105.500000 90.285714 72.077670
41.000000 80.000000 101.281553
56.000000 80.000000 80.776699
97.000000 72.000000 85.747573
98.500000 57.142857 49.708738
35.000000 82.285714 105.009709
98.000000 115.428571 75.805825
39.500000 91.428571 65.864078
93.500000 66.285714 101.281553
104.000000 43.428571 90.097087
