92.000000 78.857143 95.067961
104.000000 107.428571 77.669903
30.000000 32.000000 110.601942
34.000000 88.000000 84.504854
81.500000 90.285714 45.980583
51.000000 110.857143 67.106796
88.500000 91.428571 96.310680
51.500000 113.142857 77.048544
83.500000 75.428571 104.388350
36.500000 58.285714 108.116505
103.500000 67.428571 95.067961
50.500000 108.571429 79.533981
101.000000 109.714286 77.669903
93.500000 51.428571 19.883495
22.500000 46.857143 92.582524
114.000000 72.000000 48.466019
40.000000 106.285714 57.786408
25.000000 52.571429 85.126214
34.000000 86.857143 88.854369
97.500000 90.285714 47.223301
92.500000 58.285714 95.689320
39.500000 117.714286 83.262136
43.500000 113.142857 83.883495
18.000000 61.714286 42.252427
52.500000 65.142857 31.067961
91.000000 72.000000 35.417476
23.500000 60.571429 98.796117
103.500000 61.714286 95.067961
16.500000 52.571429 38.524272
33.000000 90.285714 53.436893
54.000000 60.571429 76.427184
105.500000 72.000000 85.747573
33.500000 81.142857 52.194175
19.000000 56.000000 69.592233
16.500000 68.571429 83.883495
97.000000 56.000000 39.766990
88.000000 106.285714 67.728155
82.500000 104.000000 73.320388
44.000000 68.571429 36.660194
34.000000 77.714286 98.174757
45.000000 48.000000 103.145631
39.000000 53.714286 75.184466
19.500000 59.428571 91.961165
47.500000 112.000000 69.592233
37.500000 109.714286 78.912621
51.500000 108.571429 73.320388
32.500000 51.428571 50.330097
29.000000 38.857143 31.689320
77.500000 59.428571 22.368932
46.000000 104.000000 72.699029
38.000000 60.571429 94.446602
51.500000 106.285714 62.757282
50.000000 105.142857 63.378641
27.000000 61.714286 32.932039
98.000000 88.000000 100.038835
97.500000 61.714286 34.796117
100.000000 54.857143 47.844660
41.000000 67.428571 49.708738
100.500000 59.428571 101.281553
37.500000 96.000000 92.582524
37.000000 56.000000 39.145631
45.500000 35.428571 98.174757
24.500000 45.714286 29.203883
102.000000 108.571429 69.592233
26.500000 84.571429 78.912621
46.000000 84.571429 62.135922
96.500000 62.857143 95.689320
102.000000 67.428571 67.728155
29.000000 51.428571 29.203883
24.500000 85.714286 92.582524
103.500000 97.142857 86.368932
95.500000 108.571429 70.834951
99.500000 56.000000 65.242718
20.000000 83.428571 65.242718
34.500000 72.000000 89.475728
