40.500000 45.714286 27.339806
116.000000 68.571429 62.135922
35.500000 38.857143 70.213592
39.000000 58.285714 53.436893
29.500000 66.285714 57.786408
27.500000 49.142857 85.747573
89.000000 43.428571 86.990291
105.500000 26.285714 97.553398
52.500000 121.142857 75.805825
103.000000 44.571429 72.077670
34.500000 64.000000 40.388350
113.000000 26.285714 51.572816
97.000000 70.857143 93.203883
53.500000 75.428571 78.912621
115.000000 50.285714 68.349515
53.500000 96.000000 88.854369
112.000000 74.285714 77.048544
44.000000 41.142857 22.368932
42.000000 67.428571 95.067961
45.000000 46.857143 72.699029
110.500000 54.857143 46.601942
96.500000 66.285714 45.980583
97.500000 93.714286 99.417476
28.000000 60.571429 84.504854
97.000000 108.571429 82.640777
109.500000 62.857143 54.058252
15.000000 60.571429 54.058252
23.000000 54.857143 100.038835
15.000000 42.285714 87.611650
7.000000 28.571429 74.563107
116.500000 52.571429 63.378641
24.000000 66.285714 88.854369
44.500000 38.857143 28.582524
42.000000 66.285714 35.417476
47.000000 116.571429 66.485437
90.000000 105.142857 67.728155
115.000000 44.571429 59.029126
19.000000 74.285714 68.349515
40.500000 46.857143 22.990291
87.000000 97.142857 58.407767
15.000000 68.571429 68.349515
90.500000 62.857143 82.019417
44.000000 115.428571 88.233010
37.500000 64.000000 98.174757
48.000000 84.571429 98.796117
38.000000 113.142857 70.213592
26.500000 74.285714 64.000000
28.000000 98.285714 95.689320
79.500000 105.142857 73.941748
42.500000 97.142857 53.436893
105.500000 102.857143 69.592233
87.500000 98.285714 49.708738
83.500000 113.142857 70.213592
27.500000 62.857143 59.650485
47.000000 91.428571 92.582524
98.000000 69.714286 46.601942
18.500000 58.285714 82.019417
101.500000 73.142857 86.990291
107.000000 69.714286 41.009709
39.500000 77.714286 101.902913
99.000000 105.142857 75.184466
103.000000 74.285714 63.378641
17.500000 45.714286 81.398058
16.000000 43.428571 41.631068
99.000000 92.571429 57.165049
96.000000 97.142857 77.669903
105.000000 67.428571 86.368932
25.500000 61.714286 33.553398
35.500000 80.000000 53.436893
103.500000 97.142857 86.990291
16.500000 36.571429 95.067961
96.500000 109.714286 83.262136
92.000000 106.285714 67.106796
39.500000 102.857143 87.611650
97.500000 100.571429 88.854369
107.500000 64.000000 54.679612
37.000000 67.428571 80.155340
53.500000 112.000000 80.776699
102.500000 38.857143 88.233010
29.500000 54.857143 72.699029
23.000000 54.857143 49.087379
52.000000 110.857143 77.669903
105.500000 44.571429 50.330097
111.500000 37.714286 45.980583
48.500000 27.428571 93.203883
87.500000 45.714286 84.504854
44.000000 51.428571 48.466019
59.500000 73.142857 29.203883
24.000000 99.428571 65.242718
80.500000 81.142857 37.281553
49.500000 104.000000 64.000000
52.000000 115.428571 77.048544
102.000000 37.714286 19.883495
89.500000 89.142857 101.281553
99.500000 90.285714 83.883495
34.000000 86.857143 89.475728
87.500000 75.428571 32.932039
89.500000 61.714286 82.019417
87.500000 115.428571 86.990291
24.500000 46.857143 85.126214
98.000000 68.571429 59.029126
44.500000 45.714286 83.883495
93.500000 85.714286 94.446602
32.500000 77.714286 41.631068
43.000000 112.000000 68.970874
30.000000 99.428571 91.339806
47.500000 60.571429 27.339806
27.000000 86.857143 71.456311
49.000000 41.142857 79.533981
50.500000 105.142857 90.097087
87.500000 26.285714 99.417476
90.500000 69.714286 36.660194
108.000000 57.142857 47.223301
117.000000 18.285714 40.388350
32.500000 90.285714 53.436893
57.000000 80.000000 84.504854
94.000000 75.428571 101.902913
41.500000 52.571429 50.951456
23.000000 49.142857 67.728155
96.000000 107.428571 70.213592
96.000000 99.428571 86.990291
26.000000 84.571429 80.155340
87.500000 112.000000 86.990291
96.500000 72.000000 92.582524
43.000000 86.857143 77.669903
58.000000 99.428571 68.349515
22.500000 41.142857 93.203883
97.500000 59.428571 44.737864
85.500000 75.428571 37.902913
101.500000 40.000000 88.854369
96.000000 106.285714 94.446602
111.000000 53.714286 65.864078
17.500000 54.857143 35.417476
94.500000 68.571429 66.485437
81.000000 99.428571 54.679612
91.500000 65.142857 32.310680
78.000000 89.142857 41.009709
105.000000 96.000000 72.077670
36.000000 42.285714 68.970874
55.500000 109.714286 67.728155
111.000000 94.857143 75.184466
51.500000 112.000000 73.941748
109.000000 77.714286 73.320388
42.500000 116.571429 73.941748
41.500000 42.285714 44.737864
49.500000 98.285714 64.621359
30.500000 107.428571 84.504854
36.500000 89.142857 97.553398
92.000000 76.571429 95.067961
104.500000 107.428571 77.669903
29.500000 24.000000 111.223301
34.000000 86.857143 85.126214
81.500000 90.285714 45.359223
51.000000 110.857143 67.106796
88.500000 90.285714 96.932039
51.500000 113.142857 77.048544
83.000000 73.142857 105.009709
36.500000 52.571429 108.737864
103.000000 62.857143 96.310680
50.500000 108.571429 79.533981
101.500000 109.714286 77.669903
94.500000 51.428571 19.883495
115.000000 70.857143 49.708738
39.500000 106.285714 57.786408
25.000000 48.000000 85.126214
34.000000 85.714286 89.475728
98.500000 90.285714 47.223301
92.000000 53.714286 95.689320
39.500000 117.714286 83.883495
43.500000 113.142857 84.504854
17.000000 60.571429 44.116505
52.000000 65.142857 31.067961
92.000000 72.000000 35.417476
103.500000 57.142857 96.310680
15.500000 51.428571 40.388350
54.000000 58.285714 75.805825
105.000000 68.571429 86.990291
33.000000 81.142857 52.194175
18.500000 51.428571 68.970874
16.000000 65.142857 85.126214
97.500000 54.857143 39.766990
88.500000 106.285714 67.728155
82.500000 104.000000 73.320388
43.500000 68.571429 36.660194
33.500000 74.285714 98.796117
45.000000 42.285714 102.524272
39.000000 50.285714 74.563107
19.500000 54.857143 92.582524
47.000000 112.000000 69.592233
37.000000 109.714286 78.912621
51.500000 108.571429 73.320388
32.000000 50.285714 50.951456
28.500000 37.714286 32.310680
78.000000 59.428571 21.747573
46.000000 104.000000 72.699029
38.000000 56.000000 94.446602
51.500000 106.285714 62.757282
50.000000 105.142857 63.378641
98.000000 86.857143 100.660194
98.500000 60.571429 34.796117
100.000000 53.714286 48.466019
40.500000 66.285714 49.708738
100.500000 54.857143 102.524272
37.500000 94.857143 93.203883
36.000000 54.857143 39.145631
44.500000 29.714286 98.796117
23.500000 44.571429 29.825243
103.000000 108.571429 69.592233
26.500000 83.428571 80.155340
46.000000 83.428571 62.135922
96.000000 58.285714 96.310680
102.000000 65.142857 68.349515
28.000000 50.285714 29.203883
25.000000 83.428571 93.825243
96.000000 108.571429 70.834951
99.000000 52.571429 65.864078
19.500000 82.285714 66.485437
34.000000 68.571429 90.097087
60.500000 94.857143 78.291262
48.000000 61.714286 96.932039
99.000000 101.714286 64.621359
35.000000 51.428571 36.038835
83.500000 107.428571 64.621359
105.000000 94.857143 72.077670
109.000000 70.857143 41.631068
42.000000 108.571429 68.349515
90.000000 80.000000 45.980583
27.000000 106.285714 71.456311
20.500000 51.428571 45.359223
20.000000 90.285714 82.019417
113.500000 30.857143 64.621359
88.000000 78.857143 31.689320
55.000000 58.285714 27.961165
19.500000 52.571429 84.504854
114.500000 60.571429 76.427184
41.000000 106.285714 60.271845
96.000000 38.857143 64.621359
92.000000 98.285714 67.106796
87.000000 92.571429 100.038835
42.500000 74.285714 36.038835
47.000000 81.142857 37.281553
96.500000 91.428571 77.669903
47.000000 114.285714 78.291262
55.000000 59.428571 27.961165
95.000000 78.857143 101.902913
42.000000 76.571429 32.310680
28.000000 64.000000 98.174757
94.500000 112.000000 86.990291
40.000000 88.000000 67.106796
113.500000 52.571429 54.679612
93.500000 105.142857 59.029126
99.500000 104.000000 65.242718
48.000000 108.571429 78.291262
95.500000 117.714286 81.398058
32.000000 78.857143 70.213592
85.500000 62.857143 96.310680
92.500000 104.000000 85.747573
53.500000 104.000000 83.262136
52.000000 107.428571 67.106796
84.500000 100.571429 57.165049
42.000000 88.000000 77.669903
34.500000 88.000000 85.126214
85.500000 96.000000 70.834951
48.500000 93.714286 93.203883
18.500000 42.285714 62.757282
29.500000 57.142857 96.310680
91.000000 68.571429 38.524272
86.500000 97.142857 70.834951
97.000000 109.714286 68.349515
87.500000 40.000000 72.077670
92.000000 68.571429 103.145631
47.500000 88.000000 83.262136
97.500000 64.000000 26.718447
87.000000 27.428571 96.932039
96.500000 100.571429 55.922330
54.000000 92.571429 40.388350
37.000000 81.142857 90.718447
28.500000 109.714286 72.077670
101.000000 58.285714 33.553398
84.000000 81.142857 100.038835
102.500000 64.000000 78.912621
45.000000 101.714286 55.922330
113.500000 82.285714 59.029126
42.500000 100.571429 65.864078
16.500000 44.571429 64.621359
87.500000 85.714286 95.689320
92.500000 58.285714 94.446602
107.000000 48.000000 41.009709
112.000000 65.142857 48.466019
49.000000 86.857143 70.213592
105.500000 89.142857 72.699029
40.500000 76.571429 101.902913
56.000000 78.857143 80.776699
96.500000 68.571429 86.368932
99.000000 54.857143 49.708738
34.500000 78.857143 105.631068
98.000000 115.428571 75.805825
39.500000 90.285714 65.864078
93.500000 61.714286 101.902913
104.000000 36.571429 90.718447
