86.561151 88.510638 97.441441
92.086331 88.510638 37.477477
94.848921 80.340426 96.864865
43.741007 50.382979 91.099099
52.028777 57.191489 84.180180
43.280576 61.276596 21.909910
93.007194 59.914894 89.945946
43.280576 104.851064 77.837838
39.597122 104.851064 84.180180
44.661871 107.574468 78.414414
37.294964 61.276596 44.396396
20.258993 55.829787 88.216216
89.784173 77.617021 91.675676
40.057554 104.851064 73.225225
35.453237 81.702128 85.909910
47.884892 89.872340 31.711712
22.100719 58.553191 93.405405
99.913669 80.340426 93.405405
18.877698 51.744681 93.405405
84.719424 57.191489 103.783784
24.863309 91.234043 73.801802
29.467626 83.063830 98.018018
34.532374 88.510638 96.864865
96.690647 72.170213 31.711712
95.769784 54.468085 106.090090
99.913669 85.787234 65.153153
88.863309 83.063830 51.315315
35.453237 66.723404 102.630631
21.179856 78.978723 69.765766
100.374101 55.829787 99.747748
97.151079 103.489362 70.918919
50.187050 113.021277 66.882883
99.453237 64.000000 89.369369
32.230216 50.382979 107.819820
31.309353 87.148936 94.558559
17.956835 62.638298 75.531532
27.165468 68.085106 63.423423
84.719424 80.340426 92.828829
85.179856 69.446809 99.747748
85.640288 98.042553 59.387387
46.964029 83.063830 88.216216
38.676259 113.021277 73.225225
38.215827 92.595745 98.594595
31.769784 76.255319 39.207207
99.913669 54.468085 103.207207
41.438849 80.340426 35.747748
83.338129 64.000000 105.513514
95.769784 93.957447 52.468468
83.798561 110.297872 76.684685
92.086331 81.702128 54.198198
30.848921 81.702128 70.918919
86.561151 98.042553 98.018018
19.798561 54.468085 89.369369
99.913669 85.787234 65.153153
44.661871 111.659574 80.720721
91.625899 92.595745 98.018018
98.992806 99.404255 83.027027
35.913669 91.234043 98.018018
43.741007 50.382979 93.981982
95.309353 58.553191 89.369369
25.784173 77.617021 83.027027
100.374101 70.808511 76.684685
46.964029 106.212766 77.837838
96.230216 53.106383 102.630631
45.582734 84.425532 94.558559
34.532374 54.468085 34.018018
100.834532 74.893617 58.234234
24.863309 80.340426 65.153153
37.755396 65.361702 33.441441
84.258993 103.489362 85.909910
98.992806 76.255319 77.837838
108.201439 70.808511 50.162162
98.532374 95.319149 85.909910
95.309353 61.276596 100.900901
84.719424 49.021277 107.243243
33.151079 70.808511 64.576577
99.453237 68.085106 76.684685
32.690647 98.042553 86.486486
96.690647 68.085106 27.675676
104.057554 70.808511 81.297297
97.611511 88.510638 75.531532
103.136691 72.170213 73.801802
18.877698 65.361702 91.099099
85.179856 81.702128 104.360360
85.179856 65.361702 89.945946
34.071942 83.063830 96.864865
29.007194 54.468085 33.441441
46.043165 78.978723 32.864865
28.086331 80.340426 86.486486
29.928058 92.595745 58.810811
82.877698 98.042553 98.018018
34.992806 93.957447 59.387387
29.467626 95.319149 62.846847
34.071942 96.680851 85.909910
105.438849 70.808511 81.873874
107.741007 83.063830 55.351351
84.719424 64.000000 103.783784
85.640288 70.808511 98.594595
23.021583 65.361702 88.216216
43.280576 87.148936 36.324324
52.489209 84.425532 82.450450
49.266187 100.765957 82.450450
39.597122 104.851064 85.333333
83.798561 111.659574 65.153153
95.309353 96.680851 97.441441
92.546763 51.744681 109.549550
42.359712 73.531915 42.090090
27.625899 69.446809 98.594595
29.467626 73.531915 91.675676
30.388489 74.893617 85.909910
20.258993 69.446809 66.882883
107.280576 88.510638 70.918919
40.057554 102.127660 60.540541
30.848921 66.723404 61.693694
83.338129 62.638298 106.090090
104.057554 64.000000 93.981982
98.992806 88.510638 46.126126
88.402878 77.617021 25.945946
51.107914 46.297872 75.531532
39.136691 99.404255 88.792793
98.532374 95.319149 80.144144
98.071942 72.170213 56.504505
99.913669 78.978723 43.819820
40.978417 93.957447 84.180180
93.007194 77.617021 65.153153
29.467626 62.638298 42.666667
96.690647 73.531915 47.279279
103.136691 78.978723 62.270270
81.956835 50.382979 107.243243
100.374101 74.893617 92.828829
88.863309 92.595745 80.144144
37.294964 103.489362 88.216216
37.294964 80.340426 102.630631
81.956835 53.106383 107.243243
96.690647 106.212766 77.261261
43.741007 59.914894 20.756757
38.215827 49.021277 35.171171
87.482014 87.148936 96.288288
88.863309 80.340426 55.351351
29.467626 77.617021 50.162162
97.151079 69.446809 96.288288
38.215827 51.744681 92.252252
42.359712 77.617021 28.828829
82.877698 110.297872 87.639640
37.755396 64.000000 32.864865
22.561151 70.808511 87.639640
23.021583 83.063830 65.729730
79.654676 51.744681 110.702703
45.122302 53.106383 77.837838
83.798561 73.531915 105.513514
40.057554 70.808511 28.828829
34.071942 102.127660 83.603604
27.165468 70.808511 95.711712
33.611511 83.063830 51.315315
85.179856 102.127660 84.180180
35.453237 70.808511 33.441441
100.374101 85.787234 50.738739
27.625899 77.617021 98.018018
15.194245 53.106383 86.486486
103.136691 65.361702 92.828829
95.309353 93.957447 95.711712
49.726619 72.170213 83.603604
42.820144 57.191489 73.801802
96.690647 92.595745 57.081081
22.100719 59.914894 65.153153
40.057554 110.297872 78.414414
27.165468 72.170213 38.630631
109.582734 65.361702 64.576577
23.021583 65.361702 88.216216
89.784173 84.425532 102.630631
27.165468 49.021277 106.090090
93.007194 102.127660 87.063063
82.877698 59.914894 108.396396
102.676259 78.978723 62.846847
16.575540 61.276596 72.648649
87.942446 99.404255 84.180180
110.043165 57.191489 40.360360
85.179856 57.191489 99.747748
93.928058 98.042553 80.720721
45.122302 68.085106 85.333333
22.100719 73.531915 85.333333
81.956835 77.617021 103.783784
92.086331 80.340426 45.549550
35.453237 51.744681 35.171171
97.151079 64.000000 73.801802
94.848921 57.191489 96.864865
42.820144 51.744681 99.747748
25.784173 89.872340 79.567568
32.690647 92.595745 89.945946
78.273381 76.255319 106.090090
89.323741 85.787234 40.360360
106.359712 65.361702 78.414414
85.640288 111.659574 82.450450
46.503597 77.617021 90.522523
100.834532 93.957447 57.657658
84.258993 91.234043 39.207207
95.769784 85.787234 98.018018
35.453237 69.446809 31.711712
87.942446 95.319149 98.594595
83.338129 92.595745 96.288288
33.611511 78.978723 89.369369
20.719424 55.829787 42.090090
104.978417 62.638298 38.054054
88.402878 85.787234 94.558559
36.834532 93.957447 87.639640
33.151079 96.680851 60.540541
39.597122 68.085106 28.252252
106.359712 68.085106 53.045045
43.280576 89.872340 81.873874
106.359712 68.085106 53.045045
40.057554 59.914894 99.171171
83.338129 92.595745 42.666667
31.309353 61.276596 103.783784
100.834532 83.063830 87.639640
47.424460 66.723404 18.450450
30.388489 66.723404 106.666667
85.640288 78.978723 106.090090
82.877698 51.744681 106.090090
85.640288 114.382979 84.756757
87.482014 76.255319 97.441441
34.992806 100.765957 77.837838
34.071942 77.617021 95.711712
34.992806 51.744681 34.594595
41.438849 74.893617 37.477477
31.309353 62.638298 69.189189
37.294964 88.510638 81.873874
101.294964 99.404255 76.108108
88.863309 104.851064 69.189189
40.978417 108.936170 84.756757
46.503597 50.382979 75.531532
34.532374 55.829787 107.819820
96.230216 107.574468 79.567568
49.266187 64.000000 85.909910
43.741007 98.042553 44.396396
105.899281 61.276596 65.153153
28.086331 57.191489 88.792793
88.402878 77.617021 92.252252
26.705036 88.510638 73.801802
101.755396 103.489362 85.333333
105.438849 61.276596 93.981982
86.100719 95.319149 53.621622
54.330935 106.212766 74.378378
32.690647 102.127660 87.063063
112.345324 68.085106 66.882883
98.992806 57.191489 98.594595
45.582734 61.276596 76.108108
29.467626 58.553191 34.018018
98.071942 55.829787 97.441441
106.359712 65.361702 78.414414
42.820144 78.978723 100.900901
88.863309 106.212766 86.486486
95.309353 59.914894 73.801802
104.057554 77.617021 80.144144
41.899281 89.872340 97.441441
45.582734 98.042553 84.756757
77.812950 89.872340 33.441441
30.848921 99.404255 69.189189
107.280576 91.234043 69.189189
88.402878 106.212766 71.495495
100.834532 100.765957 69.189189
84.719424 83.063830 29.981982
45.122302 76.255319 99.171171
25.784173 62.638298 102.054054
28.086331 91.234043 85.909910
91.625899 74.893617 88.216216
107.741007 80.340426 80.144144
87.482014 108.936170 88.216216
79.194245 87.148936 29.981982
100.834532 76.255319 93.981982
94.388489 100.765957 64.576577
106.359712 62.638298 69.765766
50.647482 81.702128 24.216216
49.266187 110.297872 78.990991
21.179856 53.106383 94.558559
53.870504 65.361702 83.027027
33.151079 53.106383 97.441441
21.640288 55.829787 46.126126
103.136691 73.531915 79.567568
41.438849 91.234043 42.666667
44.201439 115.744681 68.612613
100.374101 85.787234 73.801802
85.179856 57.191489 100.900901
96.690647 72.170213 29.405405
93.928058 55.829787 106.666667
98.992806 74.893617 44.972973
98.532374 103.489362 78.990991
84.258993 54.468085 112.432432
86.561151 89.872340 101.477477
48.345324 91.234043 33.441441
36.834532 53.106383 102.054054
46.964029 96.680851 86.486486
91.165468 74.893617 94.558559
45.122302 107.574468 85.909910
86.100719 84.425532 98.018018
37.755396 55.829787 27.675676
91.165468 81.702128 31.135135
87.942446 80.340426 35.171171
32.230216 73.531915 84.756757
23.482014 64.000000 92.828829
30.388489 59.914894 103.783784
