85.640288 83.063830 99.747748
92.086331 88.510638 37.477477
93.007194 73.531915 100.324324
43.741007 43.574468 90.522523
52.489209 53.106383 83.603604
43.280576 61.276596 21.333333
92.086331 54.468085 91.099099
43.280576 103.489362 78.990991
39.597122 102.127660 85.909910
44.201439 106.212766 79.567568
36.834532 58.553191 43.819820
20.719424 50.382979 90.522523
87.942446 73.531915 93.405405
39.597122 103.489362 74.954955
35.453237 77.617021 88.216216
48.805755 89.872340 32.288288
22.561151 51.744681 95.135135
98.071942 74.893617 96.864865
18.877698 46.297872 95.711712
84.258993 50.382979 103.783784
24.402878 89.872340 76.108108
29.007194 78.978723 100.900901
34.071942 84.425532 99.171171
97.151079 70.808511 30.558559
94.848921 47.659574 107.243243
100.834532 85.787234 67.459459
88.863309 81.702128 51.891892
35.913669 61.276596 103.783784
20.719424 76.255319 72.648649
99.913669 50.382979 100.900901
98.071942 103.489362 74.378378
49.266187 111.659574 67.459459
98.071942 58.553191 91.099099
32.690647 42.212766 108.396396
30.848921 83.063830 97.441441
17.496403 57.191489 77.837838
26.244604 64.000000 65.153153
83.798561 76.255319 94.558559
84.719424 62.638298 100.900901
85.640288 98.042553 61.117117
46.043165 78.978723 89.369369
38.215827 113.021277 74.378378
37.755396 88.510638 100.324324
30.388489 74.893617 39.783784
99.453237 47.659574 104.360360
41.899281 80.340426 36.324324
82.877698 57.191489 107.243243
97.151079 93.957447 54.198198
83.338129 108.936170 78.414414
92.086331 80.340426 55.927928
30.388489 80.340426 73.225225
85.640288 93.957447 100.900901
19.798561 49.021277 91.675676
100.834532 84.425532 68.036036
44.201439 110.297872 81.873874
90.244604 87.148936 100.900901
98.071942 98.042553 87.639640
34.992806 87.148936 100.324324
44.201439 42.212766 93.981982
94.848921 53.106383 90.522523
25.323741 73.531915 85.909910
99.453237 65.361702 78.990991
46.503597 104.851064 79.567568
95.769784 46.297872 104.360360
45.122302 80.340426 96.288288
34.071942 53.106383 34.018018
102.215827 72.170213 60.540541
23.482014 78.978723 68.036036
37.755396 64.000000 32.864865
83.338129 100.765957 88.792793
97.611511 72.170213 81.297297
109.582734 66.723404 50.738739
97.151079 92.595745 89.945946
94.388489 54.468085 102.054054
84.258993 40.851064 107.243243
32.230216 66.723404 65.729730
98.532374 62.638298 78.990991
32.690647 95.319149 89.945946
96.690647 65.361702 26.522523
103.136691 65.361702 83.027027
97.151079 85.787234 78.990991
103.136691 66.723404 76.108108
18.877698 59.914894 93.981982
83.798561 74.893617 106.090090
84.719424 61.276596 91.099099
34.071942 78.978723 99.171171
28.086331 53.106383 34.018018
46.503597 78.978723 32.864865
27.625899 76.255319 89.369369
28.546763 92.595745 60.540541
82.417266 92.595745 100.324324
34.071942 93.957447 60.540541
28.086331 95.319149 65.729730
34.071942 93.957447 89.369369
104.057554 64.000000 84.180180
109.122302 81.702128 59.387387
84.258993 58.553191 104.360360
84.719424 64.000000 100.324324
23.021583 61.276596 90.522523
43.741007 87.148936 36.324324
52.028777 80.340426 83.027027
49.266187 98.042553 83.603604
39.136691 103.489362 87.639640
83.338129 111.659574 66.882883
93.928058 91.234043 101.477477
92.546763 43.574468 110.702703
42.359712 72.170213 42.090090
27.625899 62.638298 101.477477
29.467626 66.723404 94.558559
29.928058 69.446809 88.216216
19.338129 65.361702 69.765766
107.741007 87.148936 74.954955
41.438849 102.127660 61.117117
29.928058 62.638298 62.846847
82.417266 55.829787 108.396396
102.676259 57.191489 96.864865
100.374101 88.510638 47.279279
86.561151 77.617021 24.216216
52.028777 40.851064 74.954955
39.136691 96.680851 91.099099
98.071942 92.595745 84.180180
98.532374 68.085106 57.081081
100.834532 78.978723 44.972973
40.978417 91.234043 85.909910
92.546763 74.893617 66.306306
29.467626 59.914894 44.972973
97.611511 72.170213 47.855856
103.597122 76.255319 65.153153
81.496403 42.212766 106.666667
98.992806 68.085106 96.288288
87.942446 89.872340 81.873874
37.294964 100.765957 90.522523
36.834532 76.255319 104.360360
81.496403 46.297872 107.243243
97.151079 104.851064 80.144144
43.741007 59.914894 20.756757
38.676259 46.297872 35.171171
86.100719 81.702128 98.594595
88.863309 78.978723 57.081081
28.086331 76.255319 51.891892
96.690647 64.000000 99.171171
38.676259 44.936170 92.828829
42.359712 77.617021 28.828829
81.956835 108.936170 89.369369
37.294964 62.638298 32.288288
22.100719 65.361702 91.099099
21.640288 81.702128 68.612613
79.654676 43.574468 111.279279
46.043165 47.659574 77.837838
82.877698 65.361702 107.819820
40.057554 70.808511 27.675676
33.611511 100.765957 86.486486
27.165468 64.000000 99.171171
32.690647 83.063830 53.045045
84.719424 99.404255 87.063063
34.992806 69.446809 33.441441
102.215827 85.787234 53.045045
27.625899 72.170213 101.477477
15.194245 47.659574 88.792793
101.755396 59.914894 95.711712
93.928058 88.510638 98.594595
49.726619 66.723404 83.603604
42.820144 51.744681 73.801802
98.071942 92.595745 59.387387
21.179856 54.468085 66.306306
39.597122 108.936170 79.567568
25.323741 70.808511 38.630631
109.582734 61.276596 66.882883
23.021583 59.914894 91.099099
88.402878 77.617021 105.513514
27.165468 40.851064 107.243243
91.625899 99.404255 91.675676
82.417266 53.106383 109.549550
102.676259 77.617021 65.153153
15.654676 55.829787 74.378378
86.561151 96.680851 87.639640
110.964029 54.468085 41.513514
84.719424 51.744681 99.747748
93.007194 95.319149 84.180180
45.122302 62.638298 85.909910
21.179856 69.446809 88.792793
80.575540 69.446809 106.090090
92.546763 78.978723 46.126126
35.453237 50.382979 34.018018
96.690647 59.914894 75.531532
94.388489 50.382979 98.594595
42.820144 44.936170 99.171171
25.784173 87.148936 83.027027
33.151079 89.872340 92.828829
77.352518 68.085106 108.396396
88.863309 84.425532 40.360360
105.899281 59.914894 80.720721
85.179856 110.297872 84.180180
46.043165 72.170213 91.675676
102.676259 93.957447 59.963964
83.338129 91.234043 39.207207
93.928058 80.340426 101.477477
34.992806 68.085106 31.135135
87.021583 89.872340 102.054054
82.417266 88.510638 98.594595
33.151079 74.893617 91.675676
19.338129 53.106383 43.819820
105.438849 61.276596 39.207207
87.482014 80.340426 97.441441
36.834532 91.234043 90.522523
33.151079 96.680851 61.117117
40.057554 66.723404 27.099099
107.280576 64.000000 53.045045
43.280576 87.148936 83.027027
106.820144 62.638298 53.045045
40.057554 54.468085 99.747748
82.877698 92.595745 43.243243
31.769784 54.468085 105.513514
99.453237 78.978723 91.675676
48.345324 66.723404 17.873874
30.388489 59.914894 108.396396
84.258993 70.808511 108.396396
82.877698 44.936170 106.090090
85.179856 113.021277 86.486486
86.100719 69.446809 99.747748
34.532374 99.404255 80.144144
34.071942 72.170213 98.594595
34.992806 49.021277 32.864865
41.899281 73.531915 36.900901
30.848921 57.191489 70.918919
37.294964 85.787234 84.180180
101.294964 98.042553 80.720721
88.402878 104.851064 70.918919
40.517986 107.574468 86.486486
47.424460 44.936170 74.954955
35.453237 49.021277 108.972973
96.230216 106.212766 83.027027
49.266187 59.914894 85.909910
44.661871 98.042553 44.396396
105.899281 57.191489 66.882883
28.546763 50.382979 90.522523
87.021583 72.170213 93.981982
26.705036 85.787234 76.108108
100.834532 102.127660 89.945946
104.517986 55.829787 96.288288
85.640288 95.319149 54.198198
53.410072 104.851064 76.108108
32.690647 99.404255 90.522523
112.805755 62.638298 69.189189
98.071942 51.744681 99.747748
45.582734 55.829787 76.108108
28.546763 57.191489 33.441441
98.071942 49.021277 99.171171
105.899281 61.276596 81.297297
42.820144 73.531915 102.054054
88.402878 104.851064 89.369369
94.388489 54.468085 74.954955
103.136691 72.170213 84.180180
40.978417 85.787234 99.747748
46.043165 95.319149 85.909910
77.352518 89.872340 33.441441
30.388489 99.404255 70.342342
108.661871 89.872340 73.225225
88.402878 106.212766 72.648649
101.755396 100.765957 73.801802
84.719424 83.063830 29.981982
45.122302 70.808511 100.324324
26.244604 55.829787 104.360360
28.086331 88.510638 89.369369
90.244604 70.808511 90.522523
106.359712 76.255319 84.756757
87.021583 107.574468 89.945946
77.812950 87.148936 29.405405
99.453237 69.446809 97.441441
95.309353 100.765957 66.882883
106.359712 58.553191 71.495495
52.028777 81.702128 24.216216
48.805755 108.936170 80.144144
21.640288 47.659574 96.288288
53.870504 61.276596 83.027027
33.611511 46.297872 98.594595
20.258993 53.106383 47.279279
101.755396 68.085106 82.450450
41.899281 92.595745 43.819820
43.741007 115.744681 69.189189
99.913669 83.063830 77.261261
84.258993 49.021277 102.630631
96.690647 69.446809 27.675676
93.928058 49.021277 107.819820
99.913669 73.531915 46.126126
98.071942 102.127660 83.027027
84.258993 47.659574 113.009009
85.640288 84.425532 103.783784
49.726619 91.234043 34.018018
37.294964 46.297872 102.630631
47.424460 93.957447 87.639640
90.705036 66.723404 96.864865
44.661871 106.212766 87.063063
84.719424 78.978723 100.900901
37.755396 54.468085 26.522523
91.165468 81.702128 30.558559
87.482014 80.340426 35.171171
31.769784 68.085106 87.063063
22.561151 58.553191 96.288288
30.848921 53.106383 105.513514
