46.043165 51.744681 76.108108
44.201439 115.744681 68.612613
103.136691 77.617021 63.423423
29.467626 81.702128 99.171171
93.467626 76.255319 33.441441
106.359712 61.276596 70.342342
101.294964 85.787234 51.315315
83.338129 61.276596 106.090090
37.294964 78.978723 103.207207
37.755396 108.936170 69.189189
46.043165 96.680851 84.756757
110.043165 62.638298 65.153153
101.294964 99.404255 78.414414
89.323741 84.425532 39.783784
35.453237 68.085106 31.135135
90.705036 93.957447 45.549550
96.690647 61.276596 73.801802
83.798561 91.234043 38.630631
34.992806 49.021277 32.864865
33.151079 91.234043 89.945946
22.561151 61.276596 95.135135
104.057554 96.680851 73.225225
92.086331 88.510638 37.477477
43.741007 104.851064 78.414414
21.179856 72.170213 87.063063
112.345324 65.361702 67.459459
97.611511 73.531915 47.279279
19.798561 66.723404 67.459459
37.294964 68.085106 96.864865
106.820144 65.361702 53.045045
100.374101 68.085106 77.261261
36.834532 50.382979 101.477477
34.532374 93.957447 58.810811
53.870504 64.000000 82.450450
49.266187 91.234043 32.864865
37.755396 102.127660 89.369369
101.294964 78.978723 71.495495
87.021583 77.617021 24.216216
27.625899 66.723404 97.441441
33.151079 83.063830 51.891892
100.374101 78.978723 43.819820
37.755396 54.468085 26.522523
20.258993 57.191489 69.189189
78.273381 89.872340 33.441441
40.057554 66.723404 27.675676
100.374101 74.893617 94.558559
87.942446 76.255319 92.252252
98.532374 55.829787 98.594595
24.863309 91.234043 73.801802
27.165468 87.148936 73.801802
96.230216 50.382979 103.783784
29.007194 76.255319 50.738739
103.597122 68.085106 81.297297
101.294964 74.893617 59.963964
34.071942 76.255319 96.288288
51.568345 44.936170 74.954955
98.532374 93.957447 81.297297
101.294964 103.489362 87.639640
40.517986 102.127660 60.540541
45.122302 107.574468 85.909910
95.769784 84.425532 99.171171
91.165468 81.702128 30.558559
37.294964 59.914894 44.396396
91.165468 70.808511 95.711712
95.309353 53.106383 106.090090
43.741007 47.659574 89.945946
34.992806 100.765957 78.990991
30.388489 64.000000 61.693694
39.597122 103.489362 86.486486
28.086331 76.255319 99.171171
42.359712 72.170213 41.513514
82.877698 57.191489 108.972973
31.309353 74.893617 39.207207
30.848921 81.702128 71.495495
97.151079 68.085106 97.441441
