45.582734 54.468085 75.531532
44.201439 115.744681 68.612613
102.676259 78.978723 61.693694
29.467626 83.063830 98.018018
93.467626 76.255319 32.864865
106.359712 62.638298 69.189189
100.834532 85.787234 51.315315
82.877698 62.638298 106.666667
37.294964 80.340426 102.630631
37.755396 108.936170 69.189189
46.043165 98.042553 84.180180
109.122302 66.723404 66.882883
100.834532 99.404255 76.684685
89.323741 84.425532 40.360360
35.453237 69.446809 31.711712
90.244604 93.957447 45.549550
97.151079 64.000000 73.801802
83.798561 92.595745 39.207207
34.992806 50.382979 33.441441
33.151079 92.595745 89.945946
22.561151 64.000000 93.981982
103.597122 96.680851 71.495495
92.086331 88.510638 37.477477
43.741007 104.851064 77.261261
21.640288 73.531915 85.333333
112.345324 68.085106 66.882883
97.611511 74.893617 47.279279
20.258993 69.446809 66.882883
37.294964 70.808511 96.288288
106.359712 66.723404 53.045045
100.374101 70.808511 77.261261
37.294964 53.106383 102.054054
34.071942 93.957447 58.810811
53.870504 65.361702 82.450450
48.805755 91.234043 33.441441
37.294964 103.489362 87.639640
100.834532 80.340426 69.765766
87.021583 78.978723 24.216216
27.165468 69.446809 96.288288
34.071942 83.063830 51.315315
99.913669 78.978723 43.819820
37.755396 55.829787 27.099099
20.719424 59.914894 68.036036
77.812950 89.872340 33.441441
39.597122 66.723404 28.252252
100.834532 76.255319 93.405405
87.942446 77.617021 91.675676
98.532374 57.191489 98.594595
24.863309 91.234043 73.801802
27.165468 88.510638 73.225225
95.769784 51.744681 103.783784
29.467626 77.617021 50.162162
104.057554 70.808511 80.720721
101.294964 74.893617 58.234234
34.071942 77.617021 95.711712
51.568345 46.297872 74.954955
98.532374 93.957447 79.567568
101.294964 103.489362 85.333333
40.517986 102.127660 59.963964
45.122302 107.574468 85.909910
95.769784 85.787234 98.018018
91.625899 81.702128 30.558559
37.294964 61.276596 44.396396
91.165468 72.170213 95.711712
95.309353 54.468085 105.513514
43.741007 50.382979 90.522523
34.992806 100.765957 77.837838
30.388489 65.361702 61.693694
39.597122 104.851064 85.909910
28.086331 77.617021 98.018018
42.359712 73.531915 42.666667
82.877698 59.914894 108.396396
31.769784 74.893617 39.207207
30.848921 83.063830 71.495495
97.151079 69.446809 96.864865
