46.503597 50.382979 75.531532
43.741007 115.744681 69.189189
103.136691 76.255319 64.000000
29.007194 78.978723 100.900901
93.467626 76.255319 33.441441
106.359712 58.553191 70.342342
102.215827 85.787234 53.045045
83.338129 58.553191 106.666667
36.834532 76.255319 104.360360
37.294964 108.936170 70.342342
46.043165 96.680851 85.909910
109.582734 61.276596 66.306306
101.294964 98.042553 80.144144
89.323741 84.425532 40.360360
34.992806 68.085106 31.135135
90.705036 93.957447 46.126126
97.151079 59.914894 74.378378
83.798561 91.234043 38.630631
34.992806 49.021277 33.441441
33.151079 89.872340 92.252252
22.561151 58.553191 96.288288
104.057554 96.680851 74.954955
92.086331 88.510638 38.054054
43.280576 103.489362 78.990991
21.179856 69.446809 88.216216
112.805755 62.638298 68.612613
98.071942 72.170213 47.279279
19.338129 65.361702 69.189189
37.294964 65.361702 97.441441
107.280576 64.000000 53.621622
99.913669 66.723404 78.414414
37.294964 47.659574 102.630631
34.071942 93.957447 59.963964
53.870504 61.276596 83.027027
49.726619 91.234043 34.018018
37.294964 102.127660 89.945946
100.834532 77.617021 72.648649
87.021583 77.617021 24.216216
27.165468 64.000000 99.171171
33.151079 83.063830 52.468468
100.834532 78.978723 44.972973
37.755396 54.468085 26.522523
20.258993 55.829787 68.612613
78.273381 89.872340 34.018018
40.057554 66.723404 27.099099
99.453237 69.446809 97.441441
87.021583 72.170213 93.981982
98.071942 51.744681 99.747748
24.402878 89.872340 75.531532
26.705036 85.787234 74.954955
95.769784 47.659574 103.783784
28.086331 76.255319 51.891892
103.136691 65.361702 83.027027
102.676259 72.170213 60.540541
34.071942 72.170213 98.594595
52.028777 42.212766 74.378378
98.071942 92.595745 83.027027
100.834532 102.127660 89.369369
40.057554 102.127660 61.693694
44.661871 106.212766 87.063063
94.848921 80.340426 100.900901
91.625899 81.702128 30.558559
37.294964 58.553191 43.243243
90.705036 68.085106 96.864865
95.309353 49.021277 106.666667
43.741007 43.574468 90.522523
34.532374 99.404255 79.567568
29.928058 62.638298 62.270270
39.597122 103.489362 87.063063
27.625899 72.170213 101.477477
42.359712 72.170213 42.090090
82.417266 53.106383 109.549550
30.388489 74.893617 39.783784
30.388489 80.340426 72.648649
96.690647 65.361702 98.594595
