46.503597 49.021277 76.108108
43.741007 115.744681 69.189189
103.597122 76.255319 65.153153
29.007194 78.978723 100.900901
93.467626 76.255319 33.441441
106.359712 58.553191 71.495495
102.215827 85.787234 53.045045
82.877698 57.191489 107.243243
36.834532 76.255319 104.360360
37.294964 108.936170 70.342342
46.043165 95.319149 85.909910
109.582734 61.276596 66.882883
101.294964 98.042553 80.720721
88.863309 84.425532 40.360360
34.992806 68.085106 31.135135
90.705036 93.957447 46.126126
96.690647 59.914894 75.531532
83.338129 91.234043 39.207207
34.992806 49.021277 32.864865
33.151079 89.872340 92.828829
22.561151 58.553191 96.288288
104.057554 95.319149 75.531532
92.086331 88.510638 37.477477
43.280576 103.489362 78.990991
21.179856 69.446809 88.792793
112.805755 62.638298 69.189189
97.611511 72.170213 47.855856
19.338129 65.361702 69.765766
37.294964 65.361702 98.018018
106.820144 62.638298 53.045045
99.453237 65.361702 78.990991
37.294964 46.297872 102.630631
34.071942 93.957447 60.540541
53.870504 61.276596 83.027027
49.726619 91.234043 34.018018
37.294964 100.765957 90.522523
100.834532 77.617021 73.801802
86.561151 77.617021 24.216216
27.165468 64.000000 99.171171
32.690647 83.063830 53.045045
100.834532 78.978723 44.972973
37.755396 54.468085 26.522523
20.258993 54.468085 69.765766
77.352518 89.872340 33.441441
40.057554 66.723404 27.099099
99.453237 69.446809 97.441441
87.021583 72.170213 93.981982
98.071942 51.744681 99.747748
24.402878 89.872340 76.108108
26.705036 85.787234 76.108108
95.769784 46.297872 104.360360
28.086331 76.255319 51.891892
103.136691 65.361702 83.027027
102.215827 72.170213 60.540541
34.071942 72.170213 98.594595
52.028777 40.851064 74.954955
98.071942 92.595745 84.180180
100.834532 102.127660 89.945946
41.438849 102.127660 61.117117
44.661871 106.212766 87.063063
93.928058 80.340426 101.477477
91.165468 81.702128 30.558559
36.834532 58.553191 43.819820
90.705036 66.723404 96.864865
94.848921 47.659574 107.243243
43.741007 43.574468 90.522523
34.532374 99.404255 80.144144
29.928058 62.638298 62.846847
39.136691 103.489362 87.639640
27.625899 72.170213 101.477477
42.359712 72.170213 42.090090
82.417266 53.106383 109.549550
30.388489 74.893617 39.783784
30.388489 80.340426 73.225225
96.690647 64.000000 99.171171
