46.043165 53.106383 75.531532
44.201439 115.744681 68.612613
102.676259 78.978723 62.846847
29.467626 83.063830 98.018018
93.007194 76.255319 31.711712
106.359712 61.276596 69.765766
101.294964 85.787234 51.891892
82.877698 61.276596 106.090090
36.834532 80.340426 103.207207
37.755396 108.936170 69.189189
46.043165 98.042553 84.180180
109.582734 64.000000 65.153153
101.294964 99.404255 77.261261
88.863309 84.425532 39.783784
35.453237 69.446809 31.135135
90.705036 93.957447 45.549550
97.151079 62.638298 73.801802
83.798561 91.234043 38.630631
34.992806 50.382979 34.018018
33.151079 92.595745 89.945946
22.561151 62.638298 94.558559
104.057554 96.680851 72.072072
92.086331 88.510638 36.900901
43.741007 104.851064 77.261261
22.100719 73.531915 85.909910
112.345324 65.361702 66.882883
97.611511 73.531915 47.279279
20.258993 68.085106 66.306306
37.294964 69.446809 96.288288
106.820144 65.361702 52.468468
100.374101 69.446809 76.684685
37.294964 51.744681 102.054054
34.532374 93.957447 58.810811
53.870504 64.000000 82.450450
48.805755 91.234043 33.441441
37.294964 103.489362 88.216216
100.834532 78.978723 70.918919
87.021583 77.617021 24.216216
28.086331 68.085106 96.288288
33.611511 83.063830 51.891892
100.374101 78.978723 43.819820
37.755396 54.468085 26.522523
20.719424 58.553191 67.459459
78.273381 89.872340 33.441441
40.057554 66.723404 27.675676
100.374101 74.893617 94.558559
87.942446 77.617021 92.252252
98.532374 57.191489 98.018018
24.863309 91.234043 73.801802
27.165468 88.510638 73.225225
95.769784 51.744681 103.207207
29.007194 76.255319 50.738739
103.597122 69.446809 80.720721
102.215827 74.893617 59.963964
34.532374 77.617021 96.288288
51.568345 44.936170 74.954955
98.532374 93.957447 80.144144
101.294964 103.489362 85.909910
40.517986 102.127660 59.387387
45.122302 107.574468 85.909910
95.769784 84.425532 99.171171
91.165468 81.702128 30.558559
37.294964 59.914894 42.666667
91.625899 72.170213 95.135135
95.309353 53.106383 106.666667
43.280576 49.021277 90.522523
34.992806 100.765957 77.837838
30.388489 65.361702 61.693694
39.597122 104.851064 85.909910
27.625899 77.617021 98.594595
42.359712 73.531915 42.090090
82.877698 58.553191 108.972973
31.309353 74.893617 39.207207
30.388489 81.702128 72.072072
97.151079 69.446809 96.864865
