45.582734 54.468085 75.531532
44.201439 115.744681 68.612613
103.136691 78.978723 62.270270
29.467626 83.063830 98.018018
93.467626 76.255319 32.864865
106.359712 62.638298 69.765766
100.374101 85.787234 50.738739
83.338129 64.000000 105.513514
37.294964 80.340426 102.630631
37.755396 108.936170 69.189189
45.582734 98.042553 84.756757
109.582734 65.361702 64.576577
101.294964 99.404255 76.108108
89.323741 85.787234 40.360360
35.453237 69.446809 31.711712
90.244604 93.957447 45.549550
97.151079 64.000000 73.801802
84.258993 91.234043 39.207207
34.992806 51.744681 34.594595
32.690647 92.595745 89.945946
23.482014 64.000000 92.828829
103.597122 96.680851 70.918919
92.086331 88.510638 37.477477
43.280576 104.851064 77.837838
22.100719 73.531915 85.333333
112.345324 68.085106 66.882883
96.690647 73.531915 47.279279
20.258993 69.446809 66.882883
36.834532 70.808511 96.288288
106.359712 68.085106 53.045045
100.374101 70.808511 76.684685
36.834532 53.106383 102.054054
34.992806 93.957447 59.387387
53.870504 65.361702 83.027027
48.345324 91.234043 33.441441
37.294964 103.489362 88.216216
101.294964 80.340426 70.342342
88.402878 77.617021 25.945946
27.165468 70.808511 95.711712
33.611511 83.063830 51.315315
99.913669 78.978723 43.819820
37.755396 55.829787 27.675676
21.179856 59.914894 68.036036
77.812950 89.872340 33.441441
39.597122 68.085106 28.252252
100.834532 76.255319 93.981982
88.402878 77.617021 92.252252
98.992806 57.191489 98.594595
24.863309 91.234043 73.801802
26.705036 88.510638 73.801802
96.230216 53.106383 102.630631
29.467626 77.617021 50.162162
104.057554 70.808511 81.297297
100.834532 74.893617 58.234234
34.071942 77.617021 95.711712
51.107914 46.297872 75.531532
98.532374 95.319149 80.144144
101.755396 103.489362 85.333333
40.057554 102.127660 60.540541
45.122302 107.574468 85.909910
95.769784 85.787234 98.018018
91.165468 81.702128 31.135135
37.294964 61.276596 44.396396
91.165468 74.893617 94.558559
95.769784 54.468085 106.090090
43.741007 50.382979 91.099099
34.992806 100.765957 77.837838
30.848921 66.723404 61.693694
39.597122 104.851064 85.333333
27.625899 77.617021 98.018018
42.359712 73.531915 42.090090
82.877698 59.914894 108.396396
31.769784 76.255319 39.207207
30.848921 81.702128 70.918919
97.151079 69.446809 96.288288
