112.000000 71.384615 62.040816
34.500000 71.384615 54.857143
18.000000 44.307692 68.571429
27.000000 87.384615 99.918367
86.500000 77.538462 99.918367
116.000000 34.461538 81.632653
96.500000 112.000000 90.122449
114.500000 28.307692 47.673469
47.500000 97.230769 90.775510
21.500000 59.076923 51.591837
26.000000 66.461538 67.918367
48.000000 59.076923 94.040816
42.500000 83.692308 82.285714
52.500000 64.000000 88.163265
97.000000 48.000000 81.632653
90.000000 115.692308 95.346939
31.500000 107.076923 92.734694
107.000000 33.230769 92.734694
47.500000 61.538462 89.469388
90.500000 94.769231 91.428571
33.500000 80.000000 75.102041
39.000000 103.384615 67.918367
40.500000 93.538462 92.081633
93.000000 92.307692 78.367347
35.000000 84.923077 47.020408
35.500000 100.923077 73.142857
104.000000 86.153846 103.183673
41.500000 44.307692 92.081633
100.000000 105.846154 95.346939
88.000000 38.153846 99.265306
44.000000 77.538462 37.224490
97.500000 110.769231 74.448980
109.000000 84.923077 81.632653
33.000000 57.846154 109.714286
47.500000 46.769231 33.959184
30.000000 67.692308 43.755102
98.000000 59.076923 88.163265
95.500000 41.846154 105.142857
47.500000 108.307692 69.224490
23.500000 87.384615 64.653061
96.000000 110.769231 90.122449
105.500000 97.230769 65.306122
112.000000 55.384615 43.102041
109.500000 54.153846 42.448980
47.500000 44.307692 88.163265
40.000000 68.923077 90.122449
77.000000 108.307692 79.020408
50.000000 40.615385 72.489796
111.000000 51.692308 95.346939
92.000000 89.846154 99.265306
28.500000 67.692308 39.183673
60.500000 28.307692 70.530612
103.500000 57.846154 109.061224
13.500000 48.000000 79.673469
24.500000 77.538462 50.285714
106.500000 76.307692 78.367347
104.500000 71.384615 103.836735
37.000000 89.846154 51.591837
91.000000 54.153846 108.408163
40.500000 64.000000 107.102041
91.000000 87.384615 64.000000
86.000000 102.153846 74.448980
87.000000 72.615385 38.530612
27.500000 83.692308 67.265306
46.500000 46.769231 32.000000
112.000000 49.230769 42.448980
52.000000 60.307692 89.469388
48.000000 100.923077 63.346939
47.000000 114.461538 80.326531
108.000000 67.692308 62.040816
33.500000 88.615385 75.102041
15.500000 35.692308 42.448980
54.000000 29.538462 80.326531
97.000000 89.846154 93.387755
118.500000 40.615385 58.122449
