112.000000 71.384615 62.040816
34.000000 72.615385 54.204082
18.000000 44.307692 68.571429
26.500000 87.384615 99.918367
86.500000 78.769231 99.265306
116.500000 34.461538 81.632653
96.500000 112.000000 90.122449
114.500000 29.538462 47.673469
47.000000 97.230769 90.775510
21.500000 59.076923 51.591837
26.500000 66.461538 68.571429
48.000000 60.307692 93.387755
43.000000 83.692308 82.285714
52.500000 65.230769 88.163265
97.000000 48.000000 82.285714
90.000000 115.692308 95.346939
31.500000 107.076923 92.734694
107.500000 32.000000 93.387755
47.000000 62.769231 90.122449
90.500000 94.769231 91.428571
33.500000 80.000000 75.102041
39.000000 103.384615 68.571429
41.000000 92.307692 91.428571
93.000000 92.307692 78.367347
35.000000 84.923077 47.020408
35.000000 100.923077 73.142857
104.000000 86.153846 103.183673
41.500000 45.538462 92.081633
99.500000 105.846154 95.346939
88.000000 38.153846 99.918367
44.000000 77.538462 37.224490
97.500000 110.769231 74.448980
109.000000 86.153846 81.632653
33.000000 57.846154 109.714286
47.500000 46.769231 33.959184
30.500000 68.923077 43.755102
97.500000 60.307692 88.816327
95.500000 43.076923 105.142857
47.000000 108.307692 69.224490
23.000000 88.615385 64.653061
96.000000 110.769231 90.122449
105.500000 97.230769 65.306122
111.500000 55.384615 43.102041
109.500000 54.153846 43.102041
47.500000 44.307692 88.163265
41.000000 68.923077 90.775510
77.000000 108.307692 79.020408
50.000000 40.615385 73.142857
111.000000 51.692308 95.346939
92.000000 89.846154 99.265306
28.500000 68.923077 39.836735
60.000000 29.538462 71.183673
103.500000 59.076923 109.061224
13.500000 48.000000 79.020408
24.500000 77.538462 50.285714
106.500000 76.307692 78.367347
104.500000 71.384615 103.836735
37.000000 91.076923 51.591837
91.000000 54.153846 108.408163
40.500000 65.230769 107.102041
91.000000 87.384615 64.000000
86.000000 102.153846 73.795918
87.500000 72.615385 38.530612
27.500000 83.692308 67.265306
47.000000 48.000000 32.000000
112.500000 49.230769 43.102041
52.000000 60.307692 89.469388
48.500000 102.153846 64.000000
47.000000 114.461538 80.326531
108.000000 67.692308 62.040816
33.500000 88.615385 75.755102
15.500000 35.692308 42.448980
53.500000 30.769231 80.979592
97.000000 89.846154 93.387755
118.500000 40.615385 58.122449
105.000000 65.230769 54.857143
25.000000 32.000000 32.653061
40.500000 67.692308 32.000000
18.500000 55.384615 57.469388
51.500000 68.923077 92.081633
47.000000 114.461538 93.387755
111.500000 77.538462 81.632653
24.500000 59.076923 47.020408
50.000000 72.615385 90.122449
91.500000 83.692308 94.040816
99.000000 38.153846 102.530612
107.000000 49.230769 84.244898
20.500000 44.307692 46.367347
98.500000 68.923077 100.571429
16.000000 43.076923 48.326531
110.000000 38.153846 81.632653
106.000000 96.000000 69.877551
84.500000 62.769231 104.489796
47.500000 108.307692 76.408163
23.500000 82.461538 94.693878
23.000000 60.307692 67.918367
106.000000 38.153846 74.448980
41.500000 75.076923 84.897959
37.500000 55.384615 93.387755
91.000000 77.538462 44.408163
45.000000 33.230769 102.530612
87.000000 29.538462 80.326531
88.000000 44.307692 108.408163
28.500000 84.923077 97.306122
38.000000 76.307692 62.693878
44.500000 92.307692 72.489796
50.000000 51.692308 90.775510
20.000000 40.615385 42.448980
90.000000 39.384615 97.306122
109.000000 70.153846 86.204082
91.500000 64.000000 35.265306
97.500000 100.923077 82.285714
34.000000 38.153846 30.040816
43.000000 75.076923 33.959184
90.000000 96.000000 92.081633
39.500000 38.153846 30.693878
47.500000 49.230769 32.653061
92.000000 91.076923 99.918367
33.500000 64.000000 106.448980
95.000000 61.538462 93.387755
30.500000 103.384615 94.040816
108.500000 81.230769 84.897959
24.500000 91.076923 78.367347
107.000000 55.384615 51.591837
97.500000 89.846154 73.795918
49.500000 44.307692 30.040816
28.500000 83.692308 92.081633
112.500000 75.076923 88.816327
102.500000 60.307692 90.775510
94.500000 46.769231 97.959184
52.000000 66.461538 88.163265
40.000000 66.461538 57.469388
25.500000 86.153846 62.040816
27.000000 76.307692 58.122449
86.000000 57.846154 103.836735
110.500000 44.307692 87.510204
111.000000 54.153846 50.938776
85.000000 115.692308 92.081633
92.000000 76.307692 50.938776
102.500000 77.538462 78.367347
95.500000 103.384615 88.163265
54.000000 44.307692 26.122449
41.000000 88.615385 107.755102
49.000000 93.538462 81.632653
95.000000 84.923077 92.734694
111.500000 82.461538 69.877551
22.000000 73.846154 92.081633
105.500000 68.923077 82.938776
92.000000 80.000000 33.959184
96.500000 80.000000 45.714286
41.000000 68.923077 30.693878
87.000000 59.076923 26.775510
102.000000 35.692308 104.489796
102.000000 54.153846 47.020408
24.000000 80.000000 71.836735
111.000000 46.769231 64.000000
49.000000 102.153846 82.285714
85.500000 108.307692 64.000000
100.500000 99.692308 74.448980
46.500000 87.384615 80.979592
33.500000 89.846154 94.040816
44.500000 116.923077 82.938776
108.500000 68.923077 58.775510
83.500000 105.846154 84.244898
95.000000 100.923077 94.693878
89.000000 61.538462 26.775510
108.500000 46.769231 92.081633
117.000000 32.000000 80.979592
86.000000 68.923077 105.795918
108.000000 17.230769 30.040816
53.500000 70.153846 92.081633
24.500000 86.153846 67.918367
48.000000 81.230769 96.653061
43.000000 71.384615 46.367347
50.000000 108.307692 82.285714
109.000000 41.846154 48.326531
86.500000 108.307692 79.673469
35.500000 76.307692 55.510204
100.500000 49.230769 107.755102
111.000000 81.230769 75.102041
24.000000 65.230769 60.734694
12.000000 50.461538 72.489796
94.500000 41.846154 78.367347
103.500000 39.384615 97.306122
29.000000 98.461538 92.734694
87.000000 93.538462 101.224490
48.500000 43.076923 86.204082
106.000000 68.923077 96.653061
24.000000 66.461538 71.836735
31.500000 50.461538 77.714286
98.500000 73.846154 105.795918
97.000000 97.230769 95.346939
45.000000 76.307692 82.285714
42.000000 78.769231 58.122449
112.000000 29.538462 39.183673
40.000000 66.461538 91.428571
116.500000 57.846154 76.408163
112.500000 84.923077 64.000000
33.000000 68.923077 45.061224
27.500000 72.615385 88.816327
29.000000 99.692308 77.714286
46.500000 77.538462 45.714286
111.500000 44.307692 43.755102
32.000000 59.076923 109.061224
36.500000 83.692308 64.000000
32.500000 80.000000 40.489796
109.000000 54.153846 96.653061
25.500000 57.846154 88.816327
102.500000 56.615385 58.775510
103.500000 36.923077 69.224490
37.500000 54.153846 103.836735
17.500000 56.615385 55.510204
88.000000 104.615385 87.510204
108.500000 65.230769 45.714286
38.000000 73.846154 48.979592
42.500000 109.538462 92.081633
108.500000 93.538462 62.693878
107.500000 48.000000 92.081633
45.000000 115.692308 75.755102
104.500000 45.538462 86.204082
40.000000 108.307692 97.306122
17.500000 61.538462 69.224490
109.500000 71.384615 48.326531
44.000000 96.000000 88.816327
108.000000 68.923077 86.857143
45.500000 103.384615 79.020408
18.500000 62.769231 96.653061
91.000000 66.461538 109.714286
50.000000 108.307692 82.938776
42.500000 108.307692 89.469388
40.000000 100.923077 93.387755
84.000000 114.461538 80.979592
44.000000 76.307692 48.326531
33.500000 64.000000 73.142857
30.000000 73.846154 93.387755
48.000000 105.846154 77.061224
14.500000 41.846154 64.000000
83.500000 104.615385 60.734694
96.500000 102.153846 78.367347
85.500000 119.384615 86.204082
21.500000 51.692308 54.204082
24.500000 48.000000 90.775510
102.500000 40.615385 97.306122
113.500000 25.846154 43.102041
98.500000 75.076923 105.795918
43.000000 89.846154 50.285714
42.500000 105.846154 77.061224
90.500000 72.615385 92.081633
33.000000 66.461538 69.224490
35.500000 107.076923 82.938776
101.500000 59.076923 52.897959
33.500000 68.923077 39.183673
96.500000 97.230769 60.081633
33.000000 33.230769 26.122449
28.500000 65.230769 35.918367
100.000000 80.000000 103.836735
50.000000 36.923077 89.469388
103.000000 60.307692 48.326531
23.500000 76.307692 50.285714
16.500000 48.000000 80.979592
108.000000 68.923077 62.693878
16.000000 60.307692 67.918367
98.000000 82.461538 67.918367
35.500000 93.538462 64.653061
27.500000 70.153846 84.897959
21.000000 46.769231 98.612245
102.000000 104.615385 90.122449
93.000000 75.076923 35.918367
47.000000 88.615385 80.326531
40.000000 78.769231 65.306122
90.500000 48.000000 107.755102
40.500000 78.769231 55.510204
20.500000 81.230769 73.795918
89.500000 102.153846 80.979592
88.000000 92.307692 97.959184
86.000000 105.846154 93.387755
29.500000 78.769231 75.755102
85.500000 93.538462 96.000000
42.500000 88.615385 65.306122
19.500000 80.000000 85.551020
96.500000 103.384615 99.918367
94.000000 71.384615 35.265306
34.000000 55.384615 58.122449
47.500000 94.769231 100.571429
19.500000 50.461538 54.857143
32.500000 107.076923 69.877551
91.000000 83.692308 101.877551
46.000000 119.384615 82.938776
33.500000 96.000000 80.979592
88.500000 120.615385 83.591837
100.000000 100.923077 73.795918
38.000000 92.307692 77.714286
91.000000 98.461538 81.632653
18.500000 43.076923 68.571429
103.500000 96.000000 100.571429
38.000000 73.846154 49.632653
95.500000 81.230769 60.734694
90.000000 68.923077 41.142857
100.500000 91.076923 74.448980
81.500000 108.307692 67.265306
