112.500000 68.923077 62.693878
33.500000 70.153846 54.857143
17.500000 38.153846 69.877551
27.000000 82.461538 101.877551
86.500000 73.846154 99.918367
116.000000 27.076923 82.938776
97.500000 110.769231 90.775510
115.000000 25.846154 48.326531
47.000000 96.000000 91.428571
20.500000 56.615385 53.551020
25.500000 62.769231 70.530612
48.000000 55.384615 93.387755
42.500000 81.230769 82.285714
52.500000 60.307692 88.163265
96.500000 44.307692 81.632653
91.000000 115.692308 96.000000
30.500000 105.846154 93.387755
106.500000 25.846154 93.387755
47.000000 57.846154 90.122449
90.500000 92.307692 92.081633
33.000000 77.538462 75.755102
38.500000 102.153846 67.265306
40.500000 89.846154 92.081633
93.000000 91.076923 78.367347
34.000000 83.692308 46.367347
34.500000 99.692308 72.489796
104.000000 82.461538 104.489796
42.000000 38.153846 91.428571
101.000000 104.615385 96.000000
87.500000 33.230769 98.612245
43.500000 77.538462 35.918367
98.500000 109.538462 73.795918
109.000000 82.461538 82.285714
33.500000 50.461538 110.367347
46.500000 45.538462 33.959184
28.500000 66.461538 43.755102
97.500000 55.384615 88.163265
95.000000 36.923077 104.489796
47.000000 108.307692 68.571429
22.000000 86.153846 64.653061
97.000000 109.538462 90.775510
106.500000 96.000000 64.653061
112.500000 52.923077 43.755102
110.000000 51.692308 43.102041
48.000000 38.153846 86.857143
40.000000 62.769231 92.081633
77.000000 107.076923 79.020408
50.500000 34.461538 71.183673
110.500000 45.538462 96.000000
92.000000 87.384615 99.918367
26.500000 66.461538 39.836735
60.500000 23.384615 67.918367
103.500000 52.923077 109.714286
13.000000 41.846154 80.979592
22.500000 75.076923 50.938776
106.500000 72.615385 79.020408
104.500000 65.230769 105.795918
36.000000 89.846154 50.938776
91.000000 49.230769 108.408163
40.500000 57.846154 107.102041
90.500000 86.153846 64.000000
86.000000 100.923077 73.795918
87.000000 71.384615 37.877551
26.500000 81.230769 67.918367
46.000000 46.769231 32.000000
113.000000 46.769231 43.102041
52.000000 56.615385 88.816327
48.000000 100.923077 62.693878
46.500000 114.461538 80.326531
108.500000 65.230769 62.693878
33.000000 86.153846 75.755102
14.000000 32.000000 43.755102
54.000000 24.615385 78.367347
97.000000 87.384615 94.040816
119.000000 36.923077 59.428571
105.000000 62.769231 54.857143
23.500000 30.769231 33.959184
39.500000 66.461538 31.346939
17.500000 51.692308 59.428571
51.500000 64.000000 92.081633
46.500000 114.461538 94.040816
111.500000 73.846154 82.285714
22.500000 57.846154 48.979592
50.000000 67.692308 90.122449
91.500000 80.000000 94.693878
98.500000 32.000000 101.877551
106.500000 43.076923 84.244898
19.000000 40.615385 48.326531
98.500000 62.769231 101.877551
14.500000 39.384615 50.285714
109.000000 32.000000 82.938776
107.500000 94.769231 69.224490
84.500000 57.846154 104.489796
47.500000 107.076923 75.755102
23.500000 77.538462 97.306122
22.500000 56.615385 70.530612
105.000000 32.000000 73.795918
41.500000 71.384615 84.897959
38.000000 49.230769 93.387755
90.500000 76.307692 43.755102
45.500000 25.846154 101.224490
85.500000 23.384615 77.061224
88.000000 39.384615 107.755102
28.500000 78.769231 99.918367
37.000000 73.846154 62.040816
44.000000 91.076923 72.489796
50.000000 46.769231 90.122449
18.500000 38.153846 44.408163
90.000000 34.461538 96.000000
109.000000 65.230769 87.510204
91.000000 62.769231 34.612245
98.000000 99.692308 82.285714
33.000000 36.923077 30.693878
42.500000 73.846154 32.653061
90.500000 94.769231 92.081633
39.000000 36.923077 31.346939
46.500000 48.000000 32.653061
92.500000 88.615385 100.571429
33.500000 56.615385 107.102041
94.500000 56.615385 93.387755
30.000000 102.153846 94.693878
108.500000 77.538462 85.551020
23.500000 88.615385 79.673469
107.000000 52.923077 52.244898
97.500000 88.615385 73.795918
48.500000 43.076923 30.040816
28.500000 78.769231 94.040816
112.500000 70.153846 90.122449
102.000000 54.153846 91.428571
94.000000 41.846154 96.653061
52.500000 61.538462 88.163265
39.500000 64.000000 58.122449
24.000000 84.923077 62.040816
26.000000 73.846154 58.775510
86.000000 52.923077 103.836735
110.500000 38.153846 87.510204
111.000000 51.692308 51.591837
86.000000 115.692308 92.734694
92.000000 75.076923 50.938776
102.500000 75.076923 78.367347
96.500000 102.153846 88.163265
52.500000 44.307692 26.122449
41.000000 84.923077 108.408163
49.000000 91.076923 80.979592
95.500000 82.461538 92.734694
112.000000 80.000000 70.530612
21.500000 66.461538 96.000000
105.500000 65.230769 83.591837
92.000000 78.769231 32.000000
96.500000 78.769231 45.061224
40.000000 67.692308 30.040816
86.500000 57.846154 25.469388
101.500000 29.538462 104.489796
102.000000 51.692308 47.020408
23.000000 77.538462 73.142857
111.000000 43.076923 65.306122
48.500000 100.923077 82.285714
85.500000 108.307692 63.346939
101.500000 98.461538 73.795918
46.000000 84.923077 80.979592
33.500000 86.153846 95.346939
44.000000 116.923077 82.938776
109.000000 66.461538 59.428571
84.000000 104.615385 84.244898
96.000000 99.692308 95.346939
89.000000 60.307692 25.469388
107.500000 40.615385 92.081633
117.000000 25.846154 81.632653
86.000000 64.000000 105.795918
108.000000 16.000000 29.387755
53.500000 65.230769 92.081633
23.500000 83.692308 68.571429
47.500000 75.076923 95.346939
42.500000 70.153846 45.714286
50.000000 107.076923 82.285714
108.500000 38.153846 48.979592
86.500000 107.076923 79.673469
34.500000 75.076923 55.510204
100.500000 43.076923 107.755102
111.500000 78.769231 75.755102
23.000000 61.538462 62.693878
11.500000 44.307692 74.448980
94.000000 38.153846 77.714286
102.500000 33.230769 96.653061
28.500000 96.000000 94.040816
87.500000 91.076923 101.877551
49.000000 36.923077 84.897959
106.500000 62.769231 98.612245
23.500000 61.538462 74.448980
32.000000 44.307692 78.367347
99.000000 67.692308 107.102041
97.500000 94.769231 96.000000
44.500000 73.846154 82.285714
42.000000 76.307692 58.122449
112.000000 27.076923 39.836735
39.500000 60.307692 92.734694
116.500000 54.153846 77.714286
113.000000 82.461538 65.306122
31.500000 67.692308 45.061224
27.500000 65.230769 91.428571
28.000000 98.461538 77.714286
46.000000 76.307692 45.061224
111.500000 41.846154 44.408163
32.500000 51.692308 109.714286
36.000000 81.230769 64.000000
31.500000 78.769231 39.836735
109.000000 48.000000 97.306122
26.000000 51.692308 90.122449
102.000000 54.153846 59.428571
102.500000 30.769231 67.918367
38.000000 46.769231 104.489796
16.500000 52.923077 57.469388
88.500000 103.384615 87.510204
109.000000 62.769231 45.714286
37.000000 72.615385 48.979592
42.000000 109.538462 92.081633
109.500000 92.307692 62.040816
107.000000 41.846154 92.081633
44.500000 115.692308 75.755102
104.000000 39.384615 86.204082
39.500000 107.076923 97.306122
17.000000 56.615385 72.489796
110.500000 70.153846 48.326531
43.500000 93.538462 88.816327
108.000000 64.000000 88.163265
45.000000 102.153846 78.367347
18.500000 56.615385 99.265306
91.000000 61.538462 110.367347
49.500000 108.307692 82.938776
42.000000 108.307692 89.469388
39.500000 99.692308 94.040816
84.500000 114.461538 80.979592
43.500000 75.076923 47.673469
32.500000 60.307692 74.448980
29.000000 67.692308 96.653061
47.500000 104.615385 76.408163
13.500000 35.692308 65.306122
83.000000 103.384615 59.428571
97.000000 100.923077 77.714286
86.500000 119.384615 86.857143
20.500000 48.000000 56.163265
24.500000 40.615385 92.081633
102.000000 34.461538 97.306122
114.000000 23.384615 44.408163
98.500000 68.923077 107.755102
42.500000 89.846154 48.979592
42.000000 104.615385 76.408163
90.500000 68.923077 92.081633
32.500000 62.769231 70.530612
35.000000 105.846154 82.285714
101.000000 56.615385 52.244898
32.000000 67.692308 39.183673
97.000000 97.230769 59.428571
32.000000 32.000000 26.122449
26.500000 62.769231 35.918367
99.500000 75.076923 103.836735
50.000000 30.769231 87.510204
104.000000 57.846154 48.326531
22.000000 73.846154 50.938776
16.000000 41.846154 82.938776
108.500000 66.461538 63.346939
15.500000 55.384615 70.530612
97.000000 81.230769 67.918367
34.500000 92.307692 64.000000
27.000000 64.000000 87.510204
21.500000 39.384615 99.265306
104.000000 103.384615 92.081633
93.000000 73.846154 35.265306
46.500000 86.153846 80.326531
39.500000 77.538462 66.612245
90.500000 41.846154 107.755102
40.000000 77.538462 55.510204
19.500000 78.769231 75.102041
89.500000 100.923077 80.979592
88.500000 89.846154 98.612245
86.500000 105.846154 94.040816
29.000000 75.076923 77.061224
85.500000 91.076923 96.653061
42.000000 87.384615 65.306122
19.000000 76.307692 87.510204
97.500000 102.153846 100.571429
94.000000 70.153846 34.612245
33.000000 52.923077 58.775510
47.500000 92.307692 101.224490
18.500000 46.769231 56.816327
31.500000 107.076923 69.224490
91.000000 78.769231 102.530612
45.500000 119.384615 82.938776
33.500000 93.538462 80.979592
89.000000 120.615385 84.244898
101.000000 99.692308 73.142857
37.000000 89.846154 78.367347
91.000000 97.230769 81.632653
18.000000 36.923077 69.877551
104.000000 93.538462 101.224490
36.500000 71.384615 48.979592
95.000000 80.000000 60.734694
89.500000 67.692308 41.142857
101.000000 89.846154 73.795918
81.500000 107.076923 66.612245
