112.500000 70.153846 62.040816
34.000000 70.153846 54.857143
17.500000 39.384615 69.224490
27.000000 83.692308 101.224490
86.500000 75.076923 99.918367
116.000000 28.307692 82.285714
97.000000 110.769231 90.775510
115.000000 25.846154 48.326531
47.000000 96.000000 91.428571
20.500000 57.846154 52.897959
26.000000 64.000000 67.918367
48.000000 56.615385 93.387755
42.500000 82.461538 82.285714
52.500000 61.538462 88.163265
96.500000 45.538462 80.979592
91.000000 115.692308 96.000000
30.500000 105.846154 93.387755
106.500000 27.076923 92.734694
47.000000 59.076923 89.469388
90.500000 92.307692 92.081633
32.500000 77.538462 75.102041
38.500000 102.153846 67.265306
40.500000 91.076923 92.081633
93.000000 91.076923 78.367347
34.500000 83.692308 46.367347
34.500000 99.692308 72.489796
104.000000 82.461538 104.489796
42.500000 39.384615 91.428571
101.000000 104.615385 96.000000
87.500000 33.230769 98.612245
43.500000 77.538462 35.918367
98.500000 109.538462 73.795918
109.000000 82.461538 82.285714
33.500000 50.461538 110.367347
47.000000 45.538462 33.959184
29.000000 66.461538 43.102041
97.500000 55.384615 88.163265
96.000000 36.923077 105.142857
47.000000 108.307692 68.571429
22.500000 86.153846 64.000000
97.000000 109.538462 90.775510
106.000000 96.000000 64.653061
112.000000 52.923077 43.102041
110.000000 51.692308 42.448980
48.000000 39.384615 86.857143
40.500000 65.230769 91.428571
77.000000 107.076923 79.020408
50.500000 35.692308 71.183673
110.500000 46.769231 95.346939
92.000000 87.384615 99.918367
28.000000 67.692308 39.183673
61.000000 24.615385 67.918367
103.500000 52.923077 109.714286
13.000000 43.076923 80.326531
23.000000 75.076923 50.285714
106.500000 73.846154 78.367347
105.000000 66.461538 104.489796
36.500000 89.846154 50.938776
91.000000 49.230769 108.408163
40.500000 59.076923 107.102041
90.500000 86.153846 64.000000
86.000000 100.923077 73.795918
87.000000 71.384615 37.877551
26.500000 82.461538 67.265306
46.000000 46.769231 32.000000
112.500000 46.769231 43.102041
52.000000 57.846154 88.816327
48.000000 100.923077 62.693878
46.500000 114.461538 80.326531
108.500000 66.461538 62.040816
33.000000 87.384615 75.102041
14.500000 32.000000 43.102041
54.000000 25.846154 78.367347
97.000000 87.384615 94.040816
119.000000 36.923077 59.428571
