112.500000 70.153846 61.387755
34.000000 71.384615 54.204082
17.500000 40.615385 68.571429
27.000000 84.923077 100.571429
86.500000 76.307692 99.918367
116.500000 30.769231 81.632653
97.000000 110.769231 90.122449
114.500000 27.076923 47.020408
47.500000 97.230769 91.428571
22.000000 60.307692 52.244898
26.000000 65.230769 67.918367
48.000000 59.076923 93.387755
43.000000 82.461538 81.632653
52.500000 62.769231 88.163265
97.000000 46.769231 81.632653
90.500000 115.692308 95.346939
31.000000 107.076923 92.734694
107.000000 30.769231 92.734694
47.500000 60.307692 89.469388
90.500000 93.538462 92.081633
33.500000 78.769231 75.102041
39.000000 102.153846 67.265306
40.500000 91.076923 91.428571
93.000000 92.307692 78.367347
35.000000 83.692308 46.367347
35.000000 99.692308 72.489796
104.000000 83.692308 103.836735
42.000000 41.846154 91.428571
100.500000 104.615385 96.000000
88.000000 36.923077 99.265306
44.000000 77.538462 36.571429
98.000000 109.538462 73.795918
109.000000 83.692308 81.632653
33.500000 55.384615 109.714286
47.000000 45.538462 33.959184
29.500000 67.692308 43.102041
97.500000 57.846154 88.163265
95.500000 40.615385 104.489796
47.000000 108.307692 68.571429
23.000000 87.384615 64.000000
96.000000 109.538462 90.122449
106.000000 96.000000 64.653061
112.000000 54.153846 43.102041
109.500000 52.923077 42.448980
48.000000 41.846154 86.857143
40.000000 67.692308 90.122449
77.000000 107.076923 79.020408
50.000000 38.153846 71.183673
110.500000 48.000000 95.346939
92.000000 88.615385 99.918367
28.000000 67.692308 39.183673
60.500000 27.076923 69.224490
104.000000 56.615385 108.408163
13.000000 44.307692 79.673469
23.500000 76.307692 50.285714
106.500000 73.846154 78.367347
105.000000 68.923077 103.836735
36.500000 89.846154 50.938776
91.000000 51.692308 107.755102
40.500000 62.769231 107.102041
91.000000 87.384615 63.346939
86.000000 100.923077 73.795918
87.500000 71.384615 37.877551
27.000000 82.461538 67.265306
46.500000 46.769231 32.000000
112.500000 48.000000 42.448980
52.000000 59.076923 88.816327
48.000000 100.923077 62.693878
46.500000 114.461538 80.326531
108.500000 66.461538 61.387755
33.500000 87.384615 75.102041
15.000000 33.230769 43.102041
54.000000 28.307692 79.673469
97.000000 88.615385 93.387755
118.500000 39.384615 57.469388
