112.000000 71.384615 61.387755
34.500000 71.384615 54.204082
18.000000 43.076923 68.571429
27.000000 86.153846 100.571429
86.500000 77.538462 99.265306
116.000000 33.230769 81.632653
96.500000 112.000000 90.122449
114.500000 28.307692 47.020408
47.000000 97.230769 90.775510
21.500000 59.076923 51.591837
26.000000 65.230769 67.265306
48.000000 60.307692 93.387755
42.500000 83.692308 82.285714
52.500000 64.000000 88.163265
97.000000 48.000000 81.632653
90.500000 115.692308 95.346939
31.000000 107.076923 92.734694
107.000000 32.000000 92.734694
47.000000 61.538462 90.122449
90.500000 93.538462 91.428571
34.000000 80.000000 75.102041
39.000000 103.384615 67.918367
40.500000 92.307692 91.428571
93.000000 92.307692 78.367347
35.000000 83.692308 46.367347
35.000000 100.923077 72.489796
104.000000 84.923077 103.836735
41.500000 44.307692 92.081633
100.000000 105.846154 95.346939
88.000000 36.923077 99.265306
44.000000 77.538462 36.571429
98.000000 109.538462 73.795918
109.000000 84.923077 81.632653
33.000000 56.615385 109.714286
47.500000 46.769231 33.959184
30.000000 67.692308 43.102041
98.000000 59.076923 88.163265
95.500000 41.846154 105.142857
47.000000 108.307692 69.224490
23.000000 87.384615 64.000000
96.000000 110.769231 90.122449
105.500000 96.000000 64.653061
111.500000 54.153846 43.102041
109.500000 52.923077 42.448980
47.500000 43.076923 88.163265
40.000000 67.692308 90.775510
77.000000 108.307692 79.020408
50.000000 39.384615 71.836735
111.000000 50.461538 95.346939
92.000000 88.615385 99.265306
28.000000 67.692308 39.183673
60.500000 29.538462 69.877551
103.500000 57.846154 109.061224
13.500000 46.769231 79.020408
24.000000 76.307692 50.285714
106.500000 75.076923 78.367347
104.500000 68.923077 104.489796
37.000000 89.846154 51.591837
91.000000 52.923077 108.408163
40.500000 62.769231 107.102041
90.500000 87.384615 64.000000
86.000000 102.153846 73.795918
87.000000 72.615385 37.877551
27.500000 82.461538 66.612245
47.000000 46.769231 31.346939
112.500000 48.000000 42.448980
52.000000 60.307692 88.816327
48.000000 100.923077 63.346939
47.000000 114.461538 80.326531
108.000000 67.692308 62.040816
33.000000 88.615385 75.102041
15.500000 34.461538 42.448980
54.000000 29.538462 80.326531
97.000000 88.615385 93.387755
118.500000 40.615385 58.122449
