112.500000 68.923077 62.693878
33.500000 70.153846 54.857143
17.500000 38.153846 69.877551
27.000000 82.461538 101.877551
86.500000 73.846154 99.918367
116.000000 27.076923 82.938776
97.500000 110.769231 90.775510
115.000000 25.846154 48.326531
47.000000 96.000000 91.428571
20.500000 56.615385 53.551020
25.500000 62.769231 70.530612
48.000000 55.384615 93.387755
42.500000 81.230769 82.285714
52.500000 60.307692 88.163265
96.500000 44.307692 81.632653
91.000000 115.692308 96.000000
30.500000 105.846154 93.387755
106.500000 25.846154 93.387755
47.000000 57.846154 90.122449
90.500000 92.307692 92.081633
33.000000 77.538462 75.755102
38.500000 102.153846 67.265306
40.500000 89.846154 92.081633
93.000000 91.076923 78.367347
34.000000 83.692308 46.367347
34.500000 99.692308 72.489796
104.000000 82.461538 104.489796
42.000000 38.153846 91.428571
101.000000 104.615385 96.000000
87.500000 33.230769 98.612245
43.500000 77.538462 35.918367
98.500000 109.538462 73.795918
109.000000 82.461538 82.285714
33.500000 50.461538 110.367347
46.500000 45.538462 33.959184
28.500000 66.461538 43.755102
97.500000 55.384615 88.163265
95.000000 36.923077 104.489796
47.000000 108.307692 68.571429
22.000000 86.153846 64.653061
97.000000 109.538462 90.775510
106.500000 96.000000 64.653061
112.500000 52.923077 43.755102
110.000000 51.692308 43.102041
48.000000 38.153846 86.857143
40.000000 62.769231 92.081633
77.000000 107.076923 79.020408
50.500000 34.461538 71.183673
110.500000 45.538462 96.000000
92.000000 87.384615 99.918367
26.500000 66.461538 39.836735
60.500000 23.384615 67.918367
103.500000 52.923077 109.714286
13.000000 41.846154 80.979592
22.500000 75.076923 50.938776
106.500000 72.615385 79.020408
104.500000 65.230769 105.795918
36.000000 89.846154 50.938776
91.000000 49.230769 108.408163
40.500000 57.846154 107.102041
90.500000 86.153846 64.000000
86.000000 100.923077 73.795918
87.000000 71.384615 37.877551
26.500000 81.230769 67.918367
46.000000 46.769231 32.000000
113.000000 46.769231 43.102041
52.000000 56.615385 88.816327
48.000000 100.923077 62.693878
46.500000 114.461538 80.326531
108.500000 65.230769 62.693878
33.000000 86.153846 75.755102
14.000000 32.000000 43.755102
54.000000 24.615385 78.367347
97.000000 87.384615 94.040816
119.000000 36.923077 59.428571
