112.000000 71.384615 62.040816
34.000000 72.615385 54.204082
18.000000 44.307692 68.571429
26.500000 87.384615 99.918367
86.500000 78.769231 99.265306
116.500000 34.461538 81.632653
96.500000 112.000000 90.122449
114.500000 29.538462 47.673469
47.000000 97.230769 90.775510
21.500000 59.076923 51.591837
26.500000 66.461538 68.571429
48.000000 60.307692 93.387755
43.000000 83.692308 82.285714
52.500000 65.230769 88.163265
97.000000 48.000000 82.285714
90.000000 115.692308 95.346939
31.500000 107.076923 92.734694
107.500000 32.000000 93.387755
47.000000 62.769231 90.122449
90.500000 94.769231 91.428571
33.500000 80.000000 75.102041
39.000000 103.384615 68.571429
41.000000 92.307692 91.428571
93.000000 92.307692 78.367347
35.000000 84.923077 47.020408
35.000000 100.923077 73.142857
104.000000 86.153846 103.183673
41.500000 45.538462 92.081633
99.500000 105.846154 95.346939
88.000000 38.153846 99.918367
44.000000 77.538462 37.224490
97.500000 110.769231 74.448980
109.000000 86.153846 81.632653
33.000000 57.846154 109.714286
47.500000 46.769231 33.959184
30.500000 68.923077 43.755102
97.500000 60.307692 88.816327
95.500000 43.076923 105.142857
47.000000 108.307692 69.224490
23.000000 88.615385 64.653061
96.000000 110.769231 90.122449
105.500000 97.230769 65.306122
111.500000 55.384615 43.102041
109.500000 54.153846 43.102041
47.500000 44.307692 88.163265
41.000000 68.923077 90.775510
77.000000 108.307692 79.020408
50.000000 40.615385 73.142857
111.000000 51.692308 95.346939
92.000000 89.846154 99.265306
28.500000 68.923077 39.836735
60.000000 29.538462 71.183673
103.500000 59.076923 109.061224
13.500000 48.000000 79.020408
24.500000 77.538462 50.285714
106.500000 76.307692 78.367347
104.500000 71.384615 103.836735
37.000000 91.076923 51.591837
91.000000 54.153846 108.408163
40.500000 65.230769 107.102041
91.000000 87.384615 64.000000
86.000000 102.153846 73.795918
87.500000 72.615385 38.530612
27.500000 83.692308 67.265306
47.000000 48.000000 32.000000
112.500000 49.230769 43.102041
52.000000 60.307692 89.469388
48.500000 102.153846 64.000000
47.000000 114.461538 80.326531
108.000000 67.692308 62.040816
33.500000 88.615385 75.755102
15.500000 35.692308 42.448980
53.500000 30.769231 80.979592
97.000000 89.846154 93.387755
118.500000 40.615385 58.122449
