44.000000 23.148936 100.620321
49.500000 92.595745 77.347594
44.500000 85.787234 84.192513
104.500000 74.893617 94.459893
45.000000 102.127660 82.139037
105.000000 50.382979 31.486631
84.000000 73.531915 87.614973
80.000000 23.148936 86.930481
93.000000 73.531915 93.775401
105.000000 55.829787 56.812834
52.500000 93.957447 42.438503
43.000000 74.893617 26.695187
44.500000 95.319149 64.342246
43.500000 44.936170 22.588235
45.000000 38.127660 95.828877
42.000000 78.978723 73.240642
91.000000 51.744681 97.197861
22.000000 83.063830 73.925134
48.000000 62.638298 89.668449
34.000000 40.851064 95.144385
100.500000 58.553191 88.983957
98.500000 80.340426 41.069519
90.000000 81.702128 45.860963
97.500000 69.446809 62.973262
114.500000 72.170213 75.294118
50.000000 77.617021 73.925134
20.000000 61.276596 52.705882
104.000000 46.297872 26.695187
106.000000 72.170213 94.459893
108.500000 70.808511 93.090909
47.500000 98.042553 68.449198
90.500000 114.382979 83.508021
44.000000 81.702128 35.593583
37.500000 81.702128 95.828877
116.000000 54.468085 75.978610
48.000000 29.957447 86.930481
12.500000 32.680851 81.454545
47.000000 69.446809 43.122995
53.000000 85.787234 39.700535
25.000000 44.936170 60.919786
21.500000 44.936170 39.016043
109.500000 47.659574 45.860963
102.000000 47.659574 97.197861
87.000000 100.765957 68.449198
50.000000 51.744681 82.139037
39.000000 68.085106 29.433155
104.500000 89.872340 65.711230
101.500000 100.765957 81.454545
22.500000 40.851064 81.454545
50.500000 92.595745 62.288770
98.500000 95.319149 72.556150
36.500000 53.106383 99.935829
105.500000 35.404255 99.935829
115.000000 65.361702 84.192513
31.000000 50.382979 106.780749
52.500000 93.957447 78.716578
115.000000 28.595745 48.598930
98.500000 62.638298 67.764706
32.000000 51.744681 67.080214
92.500000 108.936170 84.877005
86.500000 42.212766 84.877005
117.000000 46.297872 50.652406
96.500000 99.404255 57.497326
48.000000 64.000000 37.647059
34.500000 80.340426 56.128342
118.000000 61.276596 59.550802
107.500000 73.531915 54.074866
26.500000 72.170213 82.139037
103.000000 93.957447 86.245989
57.000000 84.425532 35.593583
82.500000 117.106383 69.133690
101.500000 32.680851 110.887701
46.500000 28.595745 25.326203
115.500000 32.680851 83.508021
18.000000 43.574468 74.609626
