44.000000 23.148936 100.620321
49.500000 92.595745 77.347594
44.500000 84.425532 84.192513
104.000000 74.893617 95.144385
45.000000 102.127660 82.139037
105.000000 50.382979 30.802139
84.000000 73.531915 87.614973
80.000000 23.148936 86.930481
93.000000 73.531915 93.775401
104.000000 55.829787 56.128342
52.500000 93.957447 42.438503
43.000000 74.893617 26.010695
44.500000 93.957447 64.342246
43.500000 43.574468 21.903743
45.000000 38.127660 95.828877
42.000000 78.978723 73.925134
91.500000 51.744681 97.197861
22.000000 81.702128 73.925134
48.000000 62.638298 88.983957
34.000000 39.489362 94.459893
100.500000 57.191489 88.299465
98.500000 80.340426 41.069519
90.500000 81.702128 45.860963
97.500000 69.446809 62.973262
114.500000 72.170213 75.294118
50.000000 77.617021 73.925134
20.000000 61.276596 53.390374
103.500000 46.297872 26.010695
106.000000 72.170213 94.459893
108.500000 70.808511 92.406417
48.000000 96.680851 67.764706
90.500000 114.382979 83.508021
44.500000 81.702128 34.909091
37.500000 81.702128 95.828877
116.000000 53.106383 74.609626
48.000000 28.595745 86.930481
13.000000 32.680851 80.770053
47.000000 69.446809 43.807487
53.000000 85.787234 39.700535
25.000000 43.574468 60.919786
19.000000 43.574468 40.385027
109.500000 47.659574 45.860963
102.500000 47.659574 97.197861
87.000000 99.404255 68.449198
50.000000 50.382979 82.823529
39.000000 66.723404 29.433155
104.000000 89.872340 65.711230
101.500000 100.765957 81.454545
22.500000 40.851064 80.770053
50.500000 92.595745 61.604278
98.000000 95.319149 72.556150
36.500000 53.106383 99.935829
105.500000 35.404255 99.935829
115.500000 64.000000 83.508021
31.500000 50.382979 106.780749
52.500000 93.957447 78.716578
115.000000 27.234043 47.914439
98.000000 62.638298 67.764706
31.500000 50.382979 66.395722
92.500000 108.936170 84.192513
86.500000 42.212766 84.877005
117.000000 46.297872 50.652406
96.500000 98.042553 56.812834
47.500000 62.638298 37.647059
34.500000 78.978723 56.812834
118.000000 59.914894 59.550802
107.000000 73.531915 54.074866
26.500000 72.170213 82.139037
103.000000 93.957447 85.561497
57.000000 84.425532 35.593583
83.000000 117.106383 69.133690
101.500000 32.680851 110.887701
46.000000 27.234043 24.641711
115.500000 32.680851 82.823529
18.000000 42.212766 74.609626
