105.000000 38.127660 75.978610
13.000000 29.957447 70.502674
30.500000 96.680851 65.026738
52.000000 28.595745 75.978610
82.500000 53.106383 93.775401
91.500000 100.765957 78.716578
108.500000 83.063830 73.925134
118.000000 59.914894 58.866310
37.500000 24.510638 101.304813
117.000000 23.148936 51.336898
27.000000 93.957447 71.871658
46.000000 21.787234 21.219251
48.000000 24.510638 86.245989
51.000000 65.361702 34.909091
47.000000 38.127660 32.855615
88.500000 95.319149 59.550802
84.000000 70.808511 95.828877
40.000000 28.595745 23.272727
41.500000 39.489362 96.513369
23.500000 24.510638 101.989305
106.500000 51.744681 44.491979
93.000000 110.297872 71.871658
107.500000 35.404255 106.780749
20.500000 27.234043 101.989305
38.500000 49.021277 82.139037
57.000000 43.574468 75.294118
103.000000 44.936170 26.010695
109.500000 73.531915 69.133690
105.500000 51.744681 34.224599
33.500000 92.595745 88.983957
37.500000 47.659574 82.139037
55.500000 111.659574 68.449198
95.500000 83.063830 101.989305
56.000000 108.936170 66.395722
91.000000 100.765957 73.925134
22.000000 36.765957 81.454545
110.500000 47.659574 93.090909
37.500000 80.340426 96.513369
100.500000 25.872340 94.459893
86.500000 110.297872 71.871658
50.500000 69.446809 24.641711
42.500000 74.893617 26.010695
18.000000 42.212766 65.711230
20.500000 39.489362 62.973262
51.500000 91.234043 41.069519
30.000000 65.361702 93.775401
96.500000 68.085106 95.828877
16.500000 51.744681 74.609626
44.000000 46.297872 41.069519
51.500000 43.574468 86.245989
108.000000 83.063830 90.352941
32.000000 49.021277 67.080214
97.500000 93.957447 60.235294
85.000000 98.042553 52.021390
25.000000 64.000000 39.016043
38.500000 24.510638 21.219251
101.500000 77.617021 100.620321
103.500000 57.191489 55.443850
88.500000 88.510638 49.283422
41.000000 43.574468 29.433155
45.000000 84.425532 35.593583
111.500000 64.000000 62.973262
36.000000 47.659574 104.042781
87.500000 31.319149 92.406417
93.500000 59.914894 108.834225
57.500000 95.319149 65.711230
103.000000 95.319149 88.299465
32.000000 84.425532 73.925134
108.000000 35.404255 73.925134
32.000000 85.787234 52.705882
117.000000 38.127660 57.497326
27.500000 85.787234 58.866310
91.000000 27.234043 104.042781
31.500000 77.617021 91.037433
87.000000 91.234043 91.037433
99.000000 85.787234 52.021390
33.000000 54.468085 49.283422
85.000000 66.723404 95.828877
22.000000 77.617021 73.240642
13.000000 35.404255 75.978610
106.500000 59.914894 60.235294
101.000000 28.595745 108.149733
51.500000 83.063830 81.454545
48.500000 43.574468 71.871658
23.500000 43.574468 74.609626
23.500000 74.893617 95.144385
54.500000 58.553191 28.064171
88.000000 102.127660 67.080214
86.500000 106.212766 65.711230
48.000000 61.276596 89.668449
87.500000 40.851064 83.508021
99.000000 96.680851 69.133690
90.000000 58.553191 93.775401
27.000000 66.723404 60.235294
79.000000 111.659574 69.133690
104.000000 78.978723 84.192513
50.000000 93.957447 69.133690
17.500000 39.489362 74.609626
95.500000 80.340426 79.401070
23.500000 61.276596 54.074866
87.500000 93.957447 75.978610
46.500000 55.829787 24.641711
22.000000 84.425532 71.187166
91.000000 51.744681 104.042781
84.000000 47.659574 94.459893
116.500000 43.574468 48.598930
94.000000 68.085106 37.647059
38.500000 102.127660 80.085561
35.000000 87.148936 80.085561
34.500000 93.957447 89.668449
54.000000 36.765957 78.716578
105.000000 61.276596 58.866310
39.500000 16.340426 19.165775
35.500000 103.489362 65.711230
19.500000 69.446809 89.668449
89.500000 99.404255 89.668449
49.000000 23.148936 87.614973
36.000000 100.765957 69.133690
47.500000 40.851064 67.080214
104.500000 36.765957 88.983957
112.000000 32.680851 75.978610
98.500000 102.127660 69.818182
97.500000 72.170213 101.989305
26.000000 84.425532 80.085561
45.000000 38.127660 96.513369
112.000000 69.446809 51.336898
34.000000 28.595745 23.957219
96.000000 92.595745 58.866310
103.500000 84.425532 84.877005
97.500000 95.319149 82.823529
42.000000 95.319149 52.705882
53.000000 32.680851 27.379679
43.500000 57.191489 29.433155
89.500000 95.319149 67.764706
21.500000 34.042553 98.566845
105.500000 54.468085 32.855615
42.000000 77.617021 73.925134
101.500000 62.638298 46.545455
93.500000 72.170213 94.459893
104.000000 87.148936 74.609626
32.500000 96.680851 84.192513
89.000000 92.595745 72.556150
30.500000 70.808511 47.229947
51.000000 106.212766 57.497326
51.000000 29.957447 75.294118
108.500000 25.872340 100.620321
55.000000 65.361702 25.326203
109.500000 77.617021 63.657754
45.500000 29.957447 23.957219
100.500000 76.255319 97.197861
30.500000 98.042553 84.192513
117.000000 40.851064 64.342246
36.000000 73.531915 66.395722
26.500000 85.787234 80.770053
86.500000 72.170213 32.855615
88.000000 100.765957 67.764706
89.000000 96.680851 87.614973
54.000000 25.872340 74.609626
83.500000 24.510638 80.770053
102.000000 58.553191 57.497326
77.500000 104.851064 72.556150
104.500000 87.148936 90.352941
47.000000 77.617021 49.967914
111.500000 36.765957 34.224599
46.500000 115.744681 67.080214
84.000000 108.936170 80.085561
87.000000 93.957447 47.229947
45.500000 51.744681 47.914439
41.500000 44.936170 23.957219
36.500000 51.744681 97.882353
113.500000 68.085106 71.871658
49.000000 81.702128 71.871658
116.000000 43.574468 71.871658
50.000000 91.234043 51.336898
98.000000 49.021277 86.245989
90.000000 76.255319 38.331551
98.000000 53.106383 30.117647
91.500000 102.127660 78.716578
51.000000 40.851064 73.925134
28.000000 65.361702 84.192513
114.000000 69.446809 73.240642
90.000000 68.085106 93.090909
94.000000 80.340426 49.967914
99.500000 64.000000 32.855615
94.000000 62.638298 102.673797
87.000000 36.765957 84.877005
49.000000 51.744681 82.823529
35.000000 74.893617 94.459893
105.000000 38.127660 97.882353
20.500000 61.276596 50.652406
45.000000 25.872340 88.299465
50.000000 32.680851 76.663102
98.000000 59.914894 68.449198
100.500000 57.191489 99.251337
32.000000 89.872340 80.085561
92.000000 81.702128 78.716578
48.000000 66.723404 84.877005
48.000000 87.148936 56.128342
90.500000 35.404255 99.935829
92.000000 91.234043 46.545455
109.000000 88.510638 64.342246
49.500000 92.595745 78.032086
42.500000 87.148936 44.491979
102.000000 27.234043 110.887701
89.500000 69.446809 99.935829
94.000000 92.595745 74.609626
19.000000 29.957447 82.139037
79.000000 20.425532 86.930481
44.500000 84.425532 84.877005
32.500000 72.170213 51.336898
97.500000 55.829787 27.379679
40.000000 84.425532 50.652406
25.000000 55.829787 80.085561
31.500000 46.297872 79.401070
93.000000 88.510638 83.508021
89.000000 98.042553 88.983957
29.000000 80.340426 72.556150
106.000000 70.808511 95.144385
31.000000 102.127660 85.561497
54.500000 104.851064 63.657754
85.500000 27.234043 81.454545
56.500000 44.936170 73.240642
29.500000 65.361702 59.550802
35.000000 57.191489 49.283422
89.000000 87.148936 78.716578
21.500000 68.085106 48.598930
36.000000 23.148936 103.358289
51.000000 62.638298 29.433155
27.000000 87.148936 71.187166
99.500000 54.468085 32.171123
98.500000 73.531915 58.866310
98.000000 76.255319 67.080214
43.500000 17.702128 100.620321
50.500000 107.574468 56.812834
55.500000 31.319149 76.663102
42.000000 39.489362 32.171123
102.000000 100.765957 81.454545
98.500000 78.978723 41.069519
44.500000 95.319149 74.609626
119.000000 46.297872 64.342246
99.000000 99.404255 68.449198
116.000000 51.744681 74.609626
45.000000 65.361702 49.967914
91.000000 40.851064 94.459893
15.500000 46.297872 68.449198
27.500000 29.957447 99.251337
102.500000 78.978723 97.197861
89.500000 91.234043 61.604278
41.000000 111.659574 73.925134
34.000000 64.000000 60.919786
101.000000 65.361702 54.759358
41.000000 54.468085 101.989305
112.000000 54.468085 53.390374
39.500000 34.042553 78.032086
17.000000 38.127660 72.556150
23.500000 57.191489 99.251337
98.000000 92.595745 89.668449
113.000000 31.319149 75.978610
37.000000 65.361702 62.288770
96.500000 93.957447 82.823529
122.000000 20.425532 66.395722
26.000000 46.297872 36.278075
105.000000 66.723404 38.331551
50.000000 49.021277 82.139037
93.000000 107.574468 79.401070
96.500000 103.489362 82.823529
104.000000 46.297872 70.502674
97.500000 95.319149 59.550802
112.500000 50.382979 94.459893
38.500000 62.638298 84.192513
49.000000 21.787234 89.668449
106.500000 68.085106 72.556150
108.000000 69.446809 70.502674
88.000000 96.680851 74.609626
48.000000 92.595745 68.449198
100.500000 73.531915 41.069519
26.000000 38.127660 89.668449
92.000000 104.851064 85.561497
22.000000 62.638298 78.716578
21.000000 70.808511 62.973262
102.500000 51.744681 64.342246
108.500000 53.106383 53.390374
37.000000 81.702128 97.882353
41.000000 19.063830 19.165775
93.500000 93.957447 91.037433
90.000000 74.893617 99.935829
85.500000 77.617021 97.197861
86.500000 24.510638 101.989305
113.000000 28.595745 58.181818
96.000000 106.212766 76.663102
85.000000 44.936170 99.251337
83.500000 84.425532 93.090909
115.000000 70.808511 75.294118
90.000000 59.914894 93.775401
46.000000 25.872340 24.641711
80.000000 19.063830 86.245989
95.000000 81.702128 36.278075
24.000000 47.659574 65.711230
36.500000 50.382979 99.935829
94.000000 61.276596 29.433155
