44.000000 20.425532 100.620321
49.500000 92.595745 78.032086
44.500000 84.425532 84.877005
104.500000 74.893617 95.144385
44.500000 102.127660 82.823529
104.500000 49.021277 30.117647
84.000000 73.531915 87.614973
80.000000 21.787234 86.245989
93.500000 73.531915 94.459893
104.500000 54.468085 56.128342
53.000000 93.957447 42.438503
42.500000 74.893617 26.010695
44.500000 93.957447 64.342246
43.000000 43.574468 22.588235
44.500000 34.042553 95.828877
42.000000 77.617021 73.925134
91.500000 50.382979 97.197861
21.500000 81.702128 73.925134
48.000000 61.276596 88.983957
33.500000 36.765957 95.144385
101.000000 57.191489 88.299465
98.500000 78.978723 41.069519
90.000000 81.702128 45.176471
97.000000 68.085106 62.973262
114.500000 70.808511 74.609626
50.000000 76.255319 73.925134
19.500000 59.914894 53.390374
102.500000 44.936170 25.326203
106.000000 70.808511 94.459893
109.000000 69.446809 92.406417
47.500000 96.680851 68.449198
91.000000 114.382979 83.508021
44.000000 81.702128 34.909091
38.000000 80.340426 95.828877
116.000000 53.106383 74.609626
48.000000 27.234043 86.245989
11.000000 27.234043 81.454545
47.000000 68.085106 43.122995
53.000000 85.787234 39.700535
25.000000 42.212766 60.919786
19.500000 43.574468 40.385027
109.000000 44.936170 43.807487
102.500000 44.936170 95.828877
87.000000 99.404255 68.449198
50.000000 50.382979 82.139037
38.500000 66.723404 29.433155
104.500000 89.872340 65.711230
102.000000 100.765957 81.454545
22.000000 38.127660 81.454545
50.500000 92.595745 61.604278
98.500000 95.319149 72.556150
36.500000 51.744681 99.935829
106.000000 32.680851 98.566845
115.500000 62.638298 83.508021
31.000000 49.021277 106.780749
52.500000 93.957447 78.716578
114.500000 27.234043 46.545455
98.000000 62.638298 67.764706
31.000000 49.021277 66.395722
93.000000 108.936170 84.877005
86.500000 40.851064 83.508021
116.500000 43.574468 48.598930
97.000000 98.042553 56.812834
47.500000 62.638298 37.647059
34.000000 78.978723 56.812834
118.000000 59.914894 58.866310
107.500000 72.170213 53.390374
26.500000 70.808511 82.139037
103.000000 92.595745 85.561497
57.000000 84.425532 35.593583
83.000000 117.106383 69.133690
102.000000 28.595745 110.887701
46.000000 27.234043 24.641711
116.000000 29.957447 81.454545
18.500000 40.851064 73.925134
