44.000000 21.787234 100.620321
49.500000 92.595745 78.032086
44.500000 84.425532 84.877005
104.500000 74.893617 95.144385
45.000000 102.127660 82.139037
105.000000 50.382979 30.117647
84.000000 73.531915 87.614973
80.000000 23.148936 86.930481
93.500000 73.531915 94.459893
104.500000 55.829787 56.812834
53.000000 93.957447 42.438503
42.500000 74.893617 26.010695
44.500000 93.957447 64.342246
43.500000 43.574468 22.588235
44.500000 36.765957 95.828877
42.000000 78.978723 73.925134
91.500000 53.106383 97.197861
21.500000 81.702128 73.925134
48.000000 62.638298 89.668449
33.500000 38.127660 95.144385
100.500000 58.553191 88.983957
98.500000 80.340426 41.069519
90.500000 81.702128 45.860963
97.500000 69.446809 62.973262
115.000000 72.170213 75.294118
50.000000 76.255319 73.925134
20.500000 61.276596 52.705882
103.000000 46.297872 26.010695
106.000000 72.170213 94.459893
109.000000 70.808511 92.406417
48.000000 96.680851 67.764706
90.500000 114.382979 83.508021
44.000000 81.702128 34.909091
38.000000 80.340426 95.828877
116.000000 54.468085 75.294118
49.000000 27.234043 86.930481
12.000000 29.957447 80.085561
47.000000 68.085106 43.122995
53.000000 85.787234 39.700535
25.000000 43.574468 60.919786
19.500000 43.574468 40.385027
109.000000 46.297872 45.176471
102.500000 46.297872 96.513369
87.000000 99.404255 68.449198
50.000000 50.382979 82.823529
39.000000 66.723404 29.433155
104.500000 89.872340 65.711230
101.500000 100.765957 81.454545
22.000000 39.489362 80.770053
50.500000 92.595745 61.604278
98.000000 93.957447 72.556150
36.500000 53.106383 99.251337
106.000000 32.680851 99.251337
115.500000 64.000000 83.508021
31.000000 50.382979 106.096257
52.500000 93.957447 78.716578
114.500000 27.234043 46.545455
98.500000 62.638298 66.395722
31.000000 50.382979 66.395722
92.500000 108.936170 84.877005
86.500000 42.212766 84.192513
116.500000 44.936170 49.283422
96.500000 98.042553 56.812834
47.500000 62.638298 37.647059
34.000000 78.978723 56.128342
118.000000 59.914894 59.550802
107.000000 72.170213 54.074866
27.000000 70.808511 81.454545
103.000000 92.595745 85.561497
57.000000 84.425532 35.593583
83.000000 117.106383 69.133690
102.000000 29.957447 110.887701
46.000000 27.234043 24.641711
116.000000 29.957447 81.454545
17.500000 40.851064 74.609626
