105.000000 42.212766 77.347594
13.500000 34.042553 71.187166
31.500000 96.680851 64.342246
52.000000 32.680851 77.347594
82.500000 55.829787 93.775401
91.000000 102.127660 78.716578
108.000000 84.425532 73.925134
118.000000 61.276596 59.550802
38.000000 29.957447 101.304813
117.500000 27.234043 54.074866
28.000000 95.319149 71.187166
46.000000 23.148936 21.219251
48.000000 29.957447 86.930481
51.000000 65.361702 34.909091
47.500000 39.489362 32.855615
88.500000 96.680851 60.235294
84.000000 72.170213 95.828877
40.500000 29.957447 23.272727
42.000000 44.936170 96.513369
24.500000 29.957447 102.673797
107.500000 53.106383 44.491979
92.500000 110.297872 71.871658
106.500000 39.489362 106.780749
21.500000 32.680851 102.673797
38.500000 51.744681 82.139037
57.000000 46.297872 75.978610
104.000000 46.297872 26.695187
109.000000 74.893617 69.133690
106.000000 53.106383 34.909091
33.500000 93.957447 88.299465
37.500000 50.382979 82.139037
55.500000 111.659574 68.449198
95.000000 84.425532 101.304813
56.000000 108.936170 66.395722
91.000000 102.127660 73.925134
22.500000 40.851064 81.454545
110.000000 51.744681 93.775401
37.500000 81.702128 95.828877
100.000000 29.957447 95.828877
86.500000 110.297872 71.871658
51.000000 69.446809 25.326203
43.000000 74.893617 26.695187
18.500000 44.936170 66.395722
20.500000 42.212766 62.973262
51.500000 91.234043 41.069519
30.500000 68.085106 93.090909
96.000000 70.808511 95.144385
17.000000 54.468085 74.609626
44.500000 47.659574 41.069519
51.500000 47.659574 86.930481
107.500000 84.425532 89.668449
32.000000 51.744681 67.080214
97.500000 95.319149 60.235294
85.000000 98.042553 52.021390
26.000000 65.361702 38.331551
39.000000 25.872340 21.219251
101.500000 78.978723 99.935829
104.000000 58.553191 55.443850
88.500000 88.510638 49.283422
41.500000 44.936170 29.433155
45.000000 84.425532 36.278075
111.000000 65.361702 63.657754
36.000000 51.744681 103.358289
87.000000 36.765957 93.090909
93.000000 62.638298 108.149733
57.500000 96.680851 65.711230
102.500000 96.680851 88.299465
32.500000 85.787234 73.240642
108.000000 39.489362 75.294118
32.500000 85.787234 52.705882
117.500000 40.851064 58.181818
28.500000 85.787234 58.866310
90.500000 32.680851 104.042781
31.500000 78.978723 90.352941
86.500000 92.595745 89.668449
98.500000 85.787234 52.705882
33.500000 55.829787 48.598930
84.500000 69.446809 95.828877
22.500000 78.978723 72.556150
13.500000 39.489362 76.663102
107.000000 61.276596 60.919786
100.500000 34.042553 108.149733
51.500000 84.425532 80.770053
48.500000 46.297872 72.556150
24.000000 47.659574 74.609626
23.500000 76.255319 94.459893
55.000000 58.553191 28.064171
88.000000 102.127660 67.764706
86.500000 106.212766 66.395722
48.000000 62.638298 89.668449
87.500000 44.936170 84.877005
99.000000 98.042553 69.133690
89.500000 61.276596 95.144385
27.500000 68.085106 59.550802
79.000000 111.659574 69.133690
104.000000 80.340426 84.192513
50.000000 95.319149 69.133690
18.000000 43.574468 74.609626
95.500000 81.702128 79.401070
24.000000 62.638298 53.390374
87.500000 95.319149 75.978610
47.000000 55.829787 24.641711
22.500000 84.425532 71.187166
90.500000 55.829787 104.042781
84.000000 51.744681 95.144385
117.000000 46.297872 50.652406
94.500000 69.446809 38.331551
39.000000 102.127660 79.401070
35.000000 88.510638 79.401070
35.000000 95.319149 88.299465
54.000000 39.489362 80.085561
105.500000 62.638298 59.550802
39.500000 17.702128 19.165775
36.000000 103.489362 65.711230
19.500000 70.808511 88.299465
89.500000 100.765957 89.668449
49.500000 28.595745 88.299465
36.500000 100.765957 69.133690
47.500000 43.574468 68.449198
104.500000 40.851064 90.352941
112.000000 36.765957 78.032086
98.000000 102.127660 69.818182
97.000000 73.531915 101.304813
26.500000 85.787234 79.401070
45.500000 43.574468 96.513369
111.500000 70.808511 52.021390
34.000000 29.957447 23.957219
96.000000 93.957447 58.866310
103.000000 85.787234 84.192513
97.000000 96.680851 82.139037
42.500000 95.319149 52.705882
53.500000 34.042553 27.379679
44.000000 57.191489 29.433155
89.500000 96.680851 67.764706
22.000000 38.127660 99.935829
106.000000 55.829787 33.540107
42.000000 78.978723 73.240642
102.000000 64.000000 47.229947
93.000000 73.531915 93.775401
103.500000 88.510638 74.609626
32.500000 98.042553 83.508021
89.000000 92.595745 72.556150
31.000000 70.808511 47.229947
51.000000 106.212766 57.497326
51.500000 34.042553 77.347594
107.500000 31.319149 101.304813
55.000000 65.361702 25.326203
109.000000 78.978723 64.342246
46.000000 31.319149 23.957219
100.000000 77.617021 96.513369
30.500000 99.404255 83.508021
117.000000 44.936170 66.395722
36.000000 74.893617 65.711230
27.000000 87.148936 80.085561
87.000000 73.531915 32.855615
88.000000 102.127660 67.764706
88.500000 98.042553 86.930481
54.000000 29.957447 75.978610
83.500000 28.595745 82.139037
103.000000 59.914894 57.497326
77.500000 104.851064 72.556150
104.000000 88.510638 89.668449
47.000000 78.978723 49.283422
112.500000 39.489362 35.593583
46.500000 115.744681 67.080214
83.500000 108.936170 80.085561
87.000000 93.957447 47.914439
45.500000 53.106383 47.914439
42.000000 46.297872 23.957219
36.500000 54.468085 97.882353
113.000000 69.446809 71.871658
49.000000 83.063830 71.871658
116.000000 47.659574 73.240642
50.000000 91.234043 51.336898
98.000000 53.106383 87.614973
91.000000 77.617021 39.016043
98.500000 54.468085 30.802139
91.500000 102.127660 78.716578
51.500000 43.574468 75.294118
28.000000 66.723404 83.508021
114.000000 70.808511 73.925134
89.500000 69.446809 93.090909
94.500000 81.702128 49.967914
100.000000 65.361702 34.224599
93.500000 65.361702 101.989305
87.000000 40.851064 86.245989
49.000000 54.468085 82.823529
35.000000 76.255319 93.775401
104.500000 42.212766 98.566845
21.000000 62.638298 49.967914
46.000000 31.319149 88.983957
50.500000 36.765957 78.032086
98.500000 61.276596 69.133690
100.000000 59.914894 99.251337
32.000000 91.234043 79.401070
92.000000 83.063830 78.716578
48.000000 68.085106 84.877005
48.000000 87.148936 56.128342
90.500000 40.851064 99.935829
92.000000 91.234043 47.229947
108.500000 89.872340 64.342246
49.500000 92.595745 77.347594
43.000000 87.148936 44.491979
101.500000 32.680851 110.887701
89.000000 70.808511 99.251337
94.000000 93.957447 74.609626
19.500000 35.404255 82.823529
79.000000 24.510638 87.614973
44.500000 85.787234 84.192513
33.000000 73.531915 50.652406
98.000000 57.191489 28.064171
40.500000 84.425532 50.652406
25.000000 58.553191 79.401070
31.500000 49.021277 79.401070
93.000000 89.872340 83.508021
88.500000 99.404255 88.299465
30.000000 81.702128 71.871658
106.000000 72.170213 94.459893
31.500000 102.127660 84.192513
54.500000 104.851064 63.657754
86.000000 32.680851 84.192513
56.500000 47.659574 73.925134
30.000000 66.723404 58.866310
35.500000 58.553191 48.598930
89.000000 88.510638 78.716578
22.000000 68.085106 48.598930
36.500000 28.595745 103.358289
51.500000 62.638298 29.433155
27.500000 87.148936 70.502674
100.000000 55.829787 32.855615
99.000000 74.893617 58.866310
98.000000 77.617021 67.080214
44.000000 23.148936 100.620321
50.500000 107.574468 56.812834
55.500000 35.404255 78.032086
42.500000 40.851064 32.171123
101.500000 100.765957 81.454545
98.500000 80.340426 41.069519
44.500000 96.680851 73.925134
119.000000 49.021277 66.395722
98.500000 100.765957 68.449198
116.000000 54.468085 75.978610
45.000000 66.723404 49.967914
90.500000 44.936170 95.828877
15.500000 49.021277 68.449198
28.000000 35.404255 99.251337
102.500000 80.340426 96.513369
89.500000 92.595745 61.604278
41.500000 111.659574 73.925134
34.000000 65.361702 60.235294
101.500000 66.723404 54.759358
41.000000 57.191489 101.989305
112.000000 55.829787 54.074866
40.000000 38.127660 80.085561
17.500000 42.212766 73.240642
23.500000 58.553191 98.566845
98.000000 93.957447 89.668449
112.000000 36.765957 78.716578
37.000000 66.723404 61.604278
96.500000 95.319149 82.823529
121.500000 25.872340 68.449198
26.500000 47.659574 36.278075
105.000000 68.085106 39.700535
50.000000 51.744681 82.139037
92.500000 107.574468 79.401070
95.500000 103.489362 81.454545
104.000000 50.382979 71.871658
97.500000 95.319149 59.550802
112.000000 53.106383 95.828877
38.500000 65.361702 84.192513
49.000000 27.234043 89.668449
106.500000 69.446809 72.556150
108.000000 70.808511 70.502674
88.000000 98.042553 74.609626
48.000000 93.957447 68.449198
100.500000 74.893617 41.754011
26.500000 42.212766 89.668449
91.000000 104.851064 84.877005
22.000000 64.000000 78.032086
21.500000 72.170213 62.288770
103.500000 53.106383 64.342246
109.000000 54.468085 53.390374
37.000000 83.063830 97.197861
41.500000 19.063830 19.165775
93.500000 95.319149 90.352941
89.500000 76.255319 99.251337
85.000000 78.978723 96.513369
86.000000 29.957447 101.989305
113.500000 32.680851 60.235294
95.000000 106.212766 76.663102
85.000000 49.021277 99.251337
83.500000 85.787234 92.406417
114.500000 72.170213 75.294118
90.000000 62.638298 93.775401
46.500000 27.234043 24.641711
80.000000 23.148936 86.930481
95.000000 81.702128 36.962567
24.000000 50.382979 65.711230
36.500000 53.106383 99.935829
94.500000 62.638298 30.117647
