43.500000 17.702128 100.620321
49.500000 92.595745 78.032086
44.500000 84.425532 84.877005
104.500000 73.531915 95.828877
44.500000 102.127660 82.823529
104.500000 49.021277 30.802139
84.000000 72.170213 87.614973
80.000000 19.063830 86.245989
93.500000 72.170213 94.459893
104.500000 54.468085 56.128342
53.000000 93.957447 42.438503
42.500000 74.893617 26.010695
44.500000 93.957447 64.342246
43.000000 43.574468 22.588235
44.500000 32.680851 95.144385
42.000000 77.617021 73.925134
91.500000 49.021277 96.513369
21.500000 81.702128 74.609626
48.000000 61.276596 89.668449
33.500000 35.404255 95.144385
100.500000 55.829787 88.299465
98.500000 78.978723 41.069519
90.000000 81.702128 45.176471
97.000000 68.085106 62.973262
115.000000 70.808511 75.294118
50.000000 76.255319 73.925134
19.500000 59.914894 53.390374
103.000000 44.936170 26.010695
106.000000 70.808511 95.144385
109.000000 69.446809 92.406417
47.500000 96.680851 68.449198
91.000000 114.382979 84.192513
44.000000 81.702128 34.909091
37.500000 80.340426 96.513369
116.000000 51.744681 74.609626
48.000000 24.510638 86.245989
11.500000 27.234043 80.085561
47.000000 68.085106 43.122995
53.000000 85.787234 39.700535
25.000000 42.212766 60.919786
19.500000 43.574468 40.385027
109.000000 44.936170 44.491979
102.500000 43.574468 95.828877
87.000000 99.404255 68.449198
50.000000 49.021277 82.139037
38.500000 66.723404 29.433155
105.000000 89.872340 65.711230
102.000000 100.765957 81.454545
22.000000 36.765957 81.454545
50.500000 92.595745 61.604278
98.500000 93.957447 72.556150
36.500000 50.382979 99.935829
106.500000 29.957447 98.566845
115.500000 62.638298 83.508021
31.000000 47.659574 106.780749
52.500000 93.957447 78.716578
114.500000 24.510638 45.860963
98.000000 61.276596 67.764706
32.000000 49.021277 67.080214
93.000000 108.936170 84.877005
86.000000 38.127660 83.508021
116.500000 43.574468 48.598930
97.000000 98.042553 56.812834
47.500000 62.638298 37.647059
34.000000 78.978723 56.812834
118.000000 59.914894 58.866310
107.500000 72.170213 53.390374
26.500000 70.808511 82.823529
103.000000 92.595745 86.245989
57.500000 84.425532 35.593583
83.000000 117.106383 69.133690
102.000000 27.234043 110.887701
46.000000 27.234043 25.326203
116.000000 29.957447 81.454545
17.500000 39.489362 74.609626
