93.789790 51.401575 105.513514
47.663664 41.322835 100.324324
44.588589 87.685039 102.630631
44.204204 40.314961 74.954955
36.900901 77.606299 84.180180
45.357357 90.708661 106.090090
28.828829 69.543307 67.459459
98.018018 87.685039 74.378378
18.066066 35.275591 94.558559
49.201201 34.267717 88.216216
102.630631 44.346457 92.252252
42.282282 33.259843 87.639640
54.582583 96.755906 81.297297
34.594595 54.425197 72.072072
92.252252 83.653543 102.630631
51.891892 105.826772 79.567568
23.063063 39.307087 90.522523
84.180180 54.425197 86.486486
35.747748 34.267717 100.324324
106.090090 74.582677 87.639640
46.510511 97.763780 102.630631
110.318318 46.362205 68.036036
37.669670 38.299213 88.792793
91.483483 70.551181 111.855856
40.360360 60.472441 102.630631
95.711712 63.496063 104.360360
90.714715 75.590551 108.396396
41.513514 92.724409 101.477477
29.213213 67.527559 38.630631
46.894895 29.228346 97.441441
37.669670 78.614173 86.486486
24.984985 50.393701 69.765766
47.663664 68.535433 100.324324
19.219219 52.409449 72.072072
93.021021 35.275591 102.054054
50.738739 91.716535 77.837838
40.744745 103.811024 87.639640
29.213213 34.267717 104.360360
39.207207 59.464567 108.396396
36.132132 54.425197 104.936937
38.054054 58.456693 86.486486
86.486486 96.755906 61.693694
84.564565 101.795276 78.414414
23.063063 75.590551 80.720721
106.090090 67.527559 84.756757
28.060060 61.480315 55.351351
104.936937 51.401575 90.522523
40.360360 61.480315 62.846847
50.354354 69.543307 104.360360
40.360360 95.748031 100.900901
102.246246 65.511811 57.081081
43.435435 82.645669 96.864865
31.135135 71.559055 81.297297
100.324324 62.488189 93.981982
27.291291 60.472441 82.450450
85.717718 94.740157 73.801802
44.972973 67.527559 108.972973
110.318318 43.338583 66.306306
27.675676 59.464567 87.639640
56.888889 78.614173 93.981982
94.558559 75.590551 87.063063
35.747748 48.377953 69.189189
52.276276 107.842520 80.144144
18.066066 51.401575 55.351351
30.366366 84.661417 56.504505
34.210210 38.299213 98.018018
34.594595 69.543307 70.918919
111.855856 57.448819 73.225225
84.180180 55.433071 87.063063
33.057057 78.614173 101.477477
87.255255 97.763780 92.252252
91.099099 65.511811 100.900901
90.714715 48.377953 103.783784
87.255255 87.685039 63.423423
25.369369 49.385827 100.900901
46.510511 85.669291 107.819820
28.828829 65.511811 101.477477
18.834835 50.393701 62.846847
36.516517 89.700787 99.171171
40.744745 58.456693 99.171171
81.489489 76.598425 99.747748
42.666667 85.669291 74.954955
39.975976 98.771654 75.531532
34.210210 75.590551 49.585586
38.054054 62.488189 106.666667
84.948949 58.456693 89.945946
49.969970 90.708661 103.783784
44.588589 105.826772 82.450450
31.135135 80.629921 61.693694
46.894895 108.850394 79.567568
81.489489 74.582677 98.594595
106.090090 68.535433 68.612613
103.399399 63.496063 98.594595
45.741742 101.795276 87.063063
86.486486 95.748031 70.918919
84.948949 66.519685 92.252252
36.132132 36.283465 107.243243
108.396396 49.385827 78.990991
38.822823 88.692913 65.729730
108.780781 29.228346 76.108108
31.903904 53.417323 108.396396
83.411411 102.803150 80.144144
86.102102 93.732283 91.099099
39.975976 34.267717 96.288288
89.561562 43.338583 103.207207
94.174174 58.456693 108.972973
91.099099 50.393701 96.864865
86.870871 45.354331 87.063063
57.273273 93.732283 92.828829
101.093093 36.283465 100.324324
20.756757 54.425197 77.837838
89.561562 103.811024 75.531532
88.408408 40.314961 92.828829
106.090090 69.543307 68.612613
86.486486 50.393701 91.675676
101.861862 82.645669 89.369369
54.582583 83.653543 88.216216
43.819820 46.362205 108.972973
86.870871 77.606299 106.666667
58.426426 92.724409 87.639640
27.675676 62.488189 64.000000
50.738739 55.433071 100.324324
28.828829 62.488189 58.234234
28.828829 53.417323 68.612613
88.408408 106.834646 92.252252
92.252252 35.275591 95.711712
49.585586 42.330709 84.180180
89.945946 37.291339 98.594595
29.213213 42.330709 106.666667
27.291291 74.582677 89.945946
28.828829 41.322835 97.441441
92.636637 68.535433 102.630631
45.741742 100.787402 86.486486
87.255255 84.661417 86.486486
31.519520 55.433071 86.486486
32.672673 62.488189 106.090090
38.054054 36.283465 95.135135
36.900901 83.653543 108.972973
54.966967 73.574803 87.063063
90.714715 85.669291 50.162162
27.291291 51.401575 72.648649
23.063063 50.393701 97.441441
37.669670 66.519685 100.900901
84.948949 68.535433 97.441441
40.744745 80.629921 108.972973
36.516517 74.582677 94.558559
45.357357 64.503937 111.279279
91.099099 62.488189 107.243243
90.330330 100.787402 70.342342
101.861862 69.543307 83.027027
101.861862 77.606299 62.846847
84.948949 91.716535 99.171171
46.126126 103.811024 87.063063
80.720721 101.795276 84.180180
33.825826 57.448819 110.126126
46.510511 93.732283 102.054054
89.177177 92.724409 70.918919
34.210210 75.590551 105.513514
90.714715 47.370079 105.513514
39.207207 52.409449 83.603604
43.435435 89.700787 109.549550
44.204204 37.291339 87.063063
107.243243 44.346457 89.369369
92.636637 79.622047 95.135135
96.864865 65.511811 104.360360
88.408408 98.771654 72.648649
38.822823 47.370079 59.963964
48.432432 66.519685 99.171171
36.516517 39.307087 95.135135
104.168168 38.299213 93.405405
20.756757 41.322835 77.837838
38.438438 31.244094 103.207207
87.639640 107.842520 86.486486
45.357357 81.637795 107.819820
89.177177 72.566929 105.513514
32.288288 73.574803 49.009009
49.969970 104.818898 72.072072
94.558559 94.740157 70.918919
105.705706 27.212598 92.828829
46.126126 106.834646 77.837838
33.825826 64.503937 107.243243
90.330330 96.755906 89.369369
105.705706 54.425197 87.063063
42.666667 99.779528 97.441441
93.021021 91.716535 76.684685
45.741742 32.251969 95.135135
97.249249 77.606299 96.288288
33.825826 49.385827 107.819820
109.549550 30.236220 84.180180
33.825826 76.598425 50.738739
49.969970 44.346457 83.027027
46.510511 54.425197 94.558559
108.012012 59.464567 75.531532
43.435435 66.519685 103.783784
49.585586 95.748031 78.990991
91.099099 66.519685 100.900901
37.285285 74.582677 60.540541
39.591592 95.748031 89.945946
46.894895 96.755906 102.054054
31.519520 79.622047 62.846847
16.144144 45.354331 64.576577
98.786787 52.409449 107.243243
32.672673 83.653543 100.324324
85.717718 43.338583 91.675676
29.597598 73.574803 97.441441
87.255255 32.251969 83.603604
93.789790 67.527559 102.630631
92.636637 69.543307 103.207207
108.012012 53.417323 88.216216
25.753754 65.511811 43.243243
57.657658 97.763780 84.180180
24.984985 72.566929 55.927928
33.825826 91.716535 81.873874
42.282282 32.251969 100.324324
86.486486 99.779528 69.765766
52.660661 103.811024 87.639640
36.516517 85.669291 89.945946
102.246246 48.377953 87.639640
88.024024 53.417323 89.369369
89.945946 90.708661 72.072072
89.561562 73.574803 105.513514
36.900901 90.708661 98.594595
103.399399 31.244094 90.522523
26.906907 30.236220 107.243243
43.819820 77.606299 110.702703
39.591592 35.275591 104.360360
89.561562 38.299213 99.171171
93.789790 102.803150 82.450450
28.060060 64.503937 54.774775
100.324324 79.622047 76.684685
87.255255 105.826772 77.837838
36.900901 67.527559 91.099099
100.708709 72.566929 98.018018
94.174174 98.771654 95.135135
91.867868 27.212598 101.477477
98.786787 86.677165 96.288288
33.825826 44.346457 104.360360
83.027027 71.559055 96.864865
100.708709 79.622047 100.900901
47.279279 99.779528 70.342342
99.171171 39.307087 99.171171
39.591592 46.362205 63.423423
46.126126 47.370079 95.135135
85.333333 104.818898 87.063063
89.561562 81.637795 97.441441
56.504505 94.740157 85.333333
30.366366 82.645669 75.531532
38.438438 47.370079 103.207207
37.669670 47.370079 67.459459
94.942943 80.629921 88.792793
90.714715 44.346457 94.558559
99.171171 81.637795 54.774775
100.708709 61.480315 107.243243
52.660661 104.818898 88.216216
93.021021 33.259843 97.441441
33.441441 60.472441 98.018018
87.255255 39.307087 84.756757
37.285285 81.637795 101.477477
41.129129 68.535433 48.432432
91.099099 76.598425 44.396396
45.357357 81.637795 92.252252
88.792793 86.677165 102.054054
52.276276 108.850394 83.027027
102.246246 66.519685 56.504505
35.363363 33.259843 98.594595
33.057057 70.551181 67.459459
38.054054 63.496063 106.090090
29.981982 78.614173 58.810811
42.282282 102.803150 84.180180
84.180180 99.779528 87.063063
47.663664 70.551181 29.405405
24.216216 71.559055 70.918919
91.867868 73.574803 110.702703
26.522523 71.559055 92.252252
91.483483 45.354331 94.558559
89.177177 41.322835 103.207207
96.864865 91.716535 93.405405
41.513514 59.464567 51.891892
100.324324 71.559055 84.180180
105.321321 57.448819 95.135135
35.747748 40.314961 110.702703
90.330330 79.622047 39.207207
28.444444 63.496063 59.963964
94.558559 85.669291 75.531532
21.525526 69.543307 68.612613
86.870871 88.692913 90.522523
98.402402 76.598425 96.288288
85.333333 67.527559 107.819820
33.825826 72.566929 89.369369
46.894895 47.370079 107.243243
29.981982 79.622047 59.387387
51.891892 83.653543 99.171171
54.582583 88.692913 83.603604
110.318318 45.354331 73.801802
93.405405 97.763780 93.405405
92.636637 88.692913 99.171171
94.558559 29.228346 91.099099
93.405405 93.732283 80.720721
88.792793 34.267717 84.180180
50.738739 100.787402 73.801802
