94.174174 52.409449 105.513514
48.432432 47.370079 102.054054
44.972973 88.692913 102.054054
45.741742 46.362205 77.261261
37.669670 79.622047 83.603604
45.741742 91.716535 105.513514
29.981982 71.559055 67.459459
97.633634 87.685039 74.954955
22.294294 41.322835 102.054054
50.738739 40.314961 89.945946
102.630631 46.362205 92.828829
43.819820 40.314961 89.369369
54.198198 97.763780 82.450450
35.747748 59.464567 73.801802
92.252252 84.661417 102.630631
51.891892 105.826772 80.144144
24.984985 47.370079 92.828829
84.180180 55.433071 87.063063
37.285285 42.330709 102.054054
105.705706 75.590551 87.063063
47.663664 97.763780 101.477477
109.933934 49.385827 70.342342
38.438438 45.354331 90.522523
91.483483 70.551181 110.702703
41.129129 64.503937 103.207207
96.096096 64.503937 103.783784
90.714715 76.598425 107.819820
42.282282 93.732283 100.900901
30.366366 69.543307 38.054054
48.048048 37.291339 99.171171
38.054054 80.629921 85.909910
26.138138 56.440945 71.495495
48.432432 71.559055 100.324324
21.141141 58.456693 73.225225
92.636637 38.299213 103.207207
51.123123 92.724409 78.414414
41.513514 103.811024 87.639640
31.135135 42.330709 105.513514
37.669670 61.480315 107.243243
37.285285 60.472441 104.360360
39.207207 62.488189 87.639640
87.255255 96.755906 62.846847
84.948949 101.795276 78.990991
23.831832 77.606299 79.567568
106.090090 68.535433 84.180180
29.981982 64.503937 55.927928
104.936937 54.425197 90.522523
41.897898 64.503937 64.576577
50.738739 72.566929 103.783784
41.129129 95.748031 100.324324
102.246246 66.519685 57.657658
43.819820 84.661417 96.288288
31.903904 73.574803 80.720721
100.708709 64.503937 93.981982
28.444444 64.503937 82.450450
86.102102 94.740157 74.378378
45.741742 70.551181 108.972973
110.318318 46.362205 68.612613
29.213213 63.496063 88.216216
56.888889 80.629921 94.558559
94.942943 76.598425 87.063063
36.516517 52.409449 70.918919
52.276276 107.842520 80.720721
19.603604 54.425197 57.081081
32.288288 85.669291 57.081081
36.132132 46.362205 99.747748
35.363363 71.559055 70.918919
111.087087 60.472441 73.225225
84.180180 57.448819 87.639640
33.441441 81.637795 99.747748
87.255255 97.763780 92.252252
91.099099 66.519685 100.900901
90.330330 50.393701 105.513514
88.024024 88.692913 64.576577
26.906907 55.433071 100.900901
