93.789790 51.401575 104.936937
47.663664 42.330709 100.324324
44.588589 88.692913 102.630631
44.588589 42.330709 75.531532
37.285285 78.614173 83.603604
45.741742 90.708661 106.090090
29.213213 70.551181 66.882883
98.018018 87.685039 74.378378
18.834835 38.299213 95.135135
49.201201 35.275591 88.216216
103.015015 44.346457 92.252252
42.282282 35.275591 88.216216
54.582583 96.755906 81.297297
34.594595 55.433071 72.072072
92.252252 83.653543 102.630631
51.891892 105.826772 79.567568
23.063063 41.322835 91.099099
84.180180 54.425197 86.486486
35.747748 35.275591 100.324324
106.090090 74.582677 87.639640
46.510511 97.763780 102.630631
110.318318 46.362205 68.036036
38.054054 41.322835 86.486486
91.483483 69.543307 111.279279
40.360360 61.480315 103.207207
95.711712 63.496063 104.360360
90.714715 75.590551 108.396396
41.897898 92.724409 101.477477
29.213213 67.527559 38.630631
46.894895 30.236220 97.441441
37.669670 79.622047 85.909910
25.369369 52.409449 69.765766
47.663664 69.543307 100.324324
19.987988 54.425197 72.072072
93.021021 35.275591 102.054054
50.738739 91.716535 77.837838
40.744745 103.811024 87.639640
29.213213 35.275591 104.360360
39.207207 60.472441 108.396396
36.132132 56.440945 103.783784
38.438438 59.464567 86.486486
86.870871 96.755906 62.270270
84.564565 101.795276 78.990991
23.447447 76.598425 80.144144
106.090090 67.527559 84.756757
28.444444 62.488189 55.351351
104.936937 51.401575 90.522523
40.360360 62.488189 62.846847
50.354354 70.551181 104.360360
40.744745 95.748031 100.324324
102.246246 65.511811 57.081081
43.435435 83.653543 96.864865
31.519520 72.566929 80.144144
100.324324 62.488189 93.981982
27.291291 61.480315 82.450450
86.102102 94.740157 73.801802
45.357357 68.535433 108.972973
110.318318 43.338583 66.306306
28.060060 60.472441 87.639640
56.888889 79.622047 93.981982
94.558559 75.590551 87.063063
36.132132 50.393701 69.189189
52.276276 107.842520 80.144144
18.834835 52.409449 54.774775
31.135135 84.661417 56.504505
34.594595 41.322835 98.018018
34.978979 70.551181 70.342342
111.855856 57.448819 73.225225
84.180180 55.433071 87.063063
33.057057 79.622047 100.900901
87.255255 97.763780 92.252252
91.099099 65.511811 100.900901
90.714715 48.377953 103.783784
87.639640 87.685039 63.423423
25.753754 52.409449 100.324324
