93.789790 52.409449 105.513514
48.816817 48.377953 101.477477
44.588589 88.692913 102.630631
44.972973 43.338583 76.108108
37.285285 78.614173 83.603604
45.357357 91.716535 106.090090
29.981982 71.559055 67.459459
98.018018 87.685039 74.954955
21.525526 39.307087 99.171171
49.585586 39.307087 85.333333
102.630631 44.346457 92.252252
44.204204 38.299213 91.675676
54.582583 96.755906 81.297297
35.363363 58.456693 72.648649
92.252252 83.653543 102.630631
51.891892 105.826772 80.144144
23.831832 42.330709 91.675676
84.180180 56.440945 87.063063
36.132132 39.307087 103.207207
105.705706 75.590551 87.639640
46.894895 97.763780 102.054054
110.318318 46.362205 68.612613
37.669670 42.330709 89.945946
91.483483 70.551181 111.279279
40.744745 63.496063 103.207207
96.096096 64.503937 104.360360
90.714715 76.598425 108.396396
41.897898 92.724409 100.900901
30.366366 68.535433 38.630631
47.663664 34.267717 99.171171
38.054054 79.622047 85.909910
26.138138 55.433071 71.495495
48.048048 70.551181 100.324324
20.756757 56.440945 72.072072
92.636637 36.283465 102.630631
50.738739 91.716535 77.837838
41.129129 103.811024 87.639640
29.597598 39.307087 106.090090
40.360360 63.496063 108.396396
36.900901 59.464567 104.360360
38.822823 61.480315 87.063063
86.870871 96.755906 62.270270
84.948949 101.795276 78.990991
23.831832 77.606299 79.567568
106.090090 67.527559 84.756757
29.597598 63.496063 54.774775
104.936937 52.409449 90.522523
41.129129 63.496063 62.846847
50.738739 71.559055 103.783784
40.744745 95.748031 100.324324
102.246246 66.519685 58.234234
43.819820 83.653543 96.288288
31.903904 73.574803 80.720721
100.324324 62.488189 94.558559
27.675676 63.496063 82.450450
86.102102 94.740157 74.378378
45.741742 70.551181 108.972973
110.318318 43.338583 66.882883
28.444444 62.488189 87.639640
56.888889 79.622047 93.981982
94.942943 76.598425 87.063063
36.516517 53.417323 70.918919
52.276276 107.842520 80.720721
16.912913 52.409449 55.351351
31.135135 84.661417 56.504505
34.978979 42.330709 98.594595
35.363363 71.559055 70.918919
111.471471 58.456693 73.801802
84.180180 56.440945 87.063063
33.441441 80.629921 99.747748
87.255255 97.763780 92.252252
91.099099 66.519685 100.900901
90.330330 50.393701 105.513514
87.639640 87.685039 64.000000
26.522523 55.433071 100.900901
