94.174174 55.433071 106.666667
49.201201 50.393701 102.054054
45.357357 89.700787 102.054054
46.126126 47.370079 77.837838
37.669670 80.629921 83.603604
46.510511 92.724409 105.513514
29.981982 71.559055 67.459459
98.018018 88.692913 75.531532
21.141141 44.346457 97.441441
50.738739 42.330709 90.522523
102.630631 50.393701 93.981982
44.204204 41.322835 89.945946
54.198198 97.763780 82.450450
35.747748 60.472441 74.378378
92.636637 85.669291 101.477477
51.891892 105.826772 80.720721
25.369369 47.370079 93.981982
83.795796 58.456693 87.639640
37.285285 43.338583 103.207207
105.705706 76.598425 86.486486
48.048048 98.771654 101.477477
111.471471 49.385827 69.189189
39.591592 46.362205 91.099099
91.867868 72.566929 110.702703
41.129129 64.503937 103.207207
96.096096 65.511811 103.783784
91.099099 78.614173 107.243243
42.666667 93.732283 100.900901
30.366366 69.543307 39.207207
48.432432 38.299213 99.747748
38.438438 81.637795 85.909910
26.906907 57.448819 72.072072
48.432432 72.566929 100.324324
21.525526 58.456693 73.225225
92.636637 38.299213 103.207207
50.738739 92.724409 78.414414
41.513514 103.811024 87.639640
31.519520 43.338583 106.090090
39.975976 64.503937 108.396396
37.285285 61.480315 104.936937
39.207207 63.496063 88.216216
87.255255 96.755906 62.846847
84.948949 101.795276 78.990991
24.216216 78.614173 79.567568
106.090090 69.543307 83.603604
30.366366 64.503937 56.504505
104.936937 55.433071 89.945946
40.360360 64.503937 63.423423
50.738739 73.574803 103.783784
41.513514 96.755906 100.324324
101.861862 67.527559 58.234234
43.819820 85.669291 96.864865
32.288288 74.582677 80.720721
100.708709 64.503937 93.405405
28.828829 65.511811 83.603604
86.486486 94.740157 74.378378
45.741742 71.559055 108.972973
109.549550 49.385827 72.072072
29.213213 63.496063 88.216216
56.888889 81.637795 94.558559
95.327327 77.606299 87.063063
36.516517 54.425197 73.225225
51.891892 107.842520 81.297297
20.756757 57.448819 58.234234
32.288288 85.669291 57.657658
36.132132 46.362205 100.900901
35.363363 71.559055 71.495495
111.471471 61.480315 73.225225
83.795796 58.456693 87.639640
33.441441 82.645669 99.747748
87.255255 98.771654 92.828829
91.483483 67.527559 100.900901
90.330330 53.417323 106.090090
88.024024 88.692913 65.153153
26.906907 57.448819 100.900901
