94.174174 56.440945 106.666667
49.201201 50.393701 101.477477
45.357357 90.708661 102.054054
46.510511 48.377953 78.990991
37.669670 80.629921 84.180180
46.510511 92.724409 105.513514
29.981982 72.566929 67.459459
98.018018 88.692913 75.531532
21.525526 45.354331 98.018018
50.738739 43.338583 90.522523
102.630631 50.393701 94.558559
44.204204 42.330709 91.099099
53.813814 97.763780 83.603604
36.132132 60.472441 74.954955
92.636637 86.677165 100.900901
51.891892 105.826772 80.144144
25.753754 48.377953 95.135135
84.180180 58.456693 87.639640
37.669670 44.346457 103.207207
105.705706 76.598425 85.333333
47.663664 98.771654 102.054054
109.165165 53.417323 72.648649
39.591592 47.370079 91.675676
91.867868 72.566929 110.126126
41.513514 65.511811 103.207207
96.096096 66.519685 103.783784
91.099099 79.622047 107.243243
42.666667 94.740157 100.900901
30.366366 70.551181 39.783784
48.432432 38.299213 99.747748
38.054054 81.637795 86.486486
26.906907 58.456693 73.225225
48.432432 72.566929 100.900901
21.141141 59.464567 74.378378
92.636637 41.322835 103.783784
50.738739 92.724409 78.990991
41.897898 103.811024 88.216216
31.903904 44.346457 106.666667
40.744745 64.503937 107.819820
37.285285 61.480315 105.513514
39.207207 63.496063 88.216216
86.870871 97.763780 63.423423
84.564565 101.795276 78.990991
24.600601 78.614173 79.567568
106.474474 68.535433 83.027027
29.213213 64.503937 55.927928
104.936937 56.440945 90.522523
39.975976 64.503937 64.576577
51.123123 74.582677 103.783784
41.897898 96.755906 100.324324
101.477477 68.535433 58.234234
44.204204 85.669291 96.864865
32.288288 74.582677 80.720721
100.708709 65.511811 92.828829
28.828829 65.511811 84.180180
86.102102 95.748031 74.954955
46.126126 72.566929 108.972973
109.165165 51.401575 72.072072
29.213213 64.503937 88.792793
56.888889 81.637795 94.558559
95.327327 78.614173 85.333333
36.516517 54.425197 73.225225
52.276276 107.842520 80.720721
20.756757 57.448819 58.810811
32.288288 85.669291 58.810811
36.516517 47.370079 100.900901
35.363363 72.566929 72.072072
111.471471 61.480315 72.648649
84.180180 60.472441 88.216216
33.441441 82.645669 99.747748
86.870871 98.771654 92.828829
91.483483 68.535433 100.900901
90.330330 54.425197 106.090090
88.024024 89.700787 65.153153
27.291291 57.448819 101.477477
