93.789790 51.401575 105.513514
47.663664 41.322835 100.324324
44.588589 87.685039 102.630631
44.204204 40.314961 74.954955
36.900901 77.606299 84.180180
45.357357 90.708661 106.090090
28.828829 69.543307 67.459459
98.018018 87.685039 74.378378
18.066066 35.275591 94.558559
49.201201 34.267717 88.216216
102.630631 44.346457 92.252252
42.282282 33.259843 87.639640
54.582583 96.755906 81.297297
34.594595 54.425197 72.072072
92.252252 83.653543 102.630631
51.891892 105.826772 79.567568
23.063063 39.307087 90.522523
84.180180 54.425197 86.486486
35.747748 34.267717 100.324324
106.090090 74.582677 87.639640
46.510511 97.763780 102.630631
110.318318 46.362205 68.036036
37.669670 38.299213 88.792793
91.483483 70.551181 111.855856
40.360360 60.472441 102.630631
95.711712 63.496063 104.360360
90.714715 75.590551 108.396396
41.513514 92.724409 101.477477
29.213213 67.527559 38.630631
46.894895 29.228346 97.441441
37.669670 78.614173 86.486486
24.984985 50.393701 69.765766
47.663664 68.535433 100.324324
19.219219 52.409449 72.072072
93.021021 35.275591 102.054054
50.738739 91.716535 77.837838
40.744745 103.811024 87.639640
29.213213 34.267717 104.360360
39.207207 59.464567 108.396396
36.132132 54.425197 104.936937
38.054054 58.456693 86.486486
86.486486 96.755906 61.693694
84.564565 101.795276 78.414414
23.063063 75.590551 80.720721
106.090090 67.527559 84.756757
28.060060 61.480315 55.351351
104.936937 51.401575 90.522523
40.360360 61.480315 62.846847
50.354354 69.543307 104.360360
40.360360 95.748031 100.900901
102.246246 65.511811 57.081081
43.435435 82.645669 96.864865
31.135135 71.559055 81.297297
100.324324 62.488189 93.981982
27.291291 60.472441 82.450450
85.717718 94.740157 73.801802
44.972973 67.527559 108.972973
110.318318 43.338583 66.306306
27.675676 59.464567 87.639640
56.888889 78.614173 93.981982
94.558559 75.590551 87.063063
35.747748 48.377953 69.189189
52.276276 107.842520 80.144144
18.066066 51.401575 55.351351
30.366366 84.661417 56.504505
34.210210 38.299213 98.018018
34.594595 69.543307 70.918919
111.855856 57.448819 73.225225
84.180180 55.433071 87.063063
33.057057 78.614173 101.477477
87.255255 97.763780 92.252252
91.099099 65.511811 100.900901
90.714715 48.377953 103.783784
87.255255 87.685039 63.423423
25.369369 49.385827 100.900901
