94.174174 56.440945 106.666667
49.201201 50.393701 101.477477
45.357357 90.708661 102.054054
46.510511 48.377953 78.990991
37.669670 80.629921 84.180180
46.510511 92.724409 105.513514
29.981982 72.566929 67.459459
98.018018 88.692913 75.531532
21.525526 45.354331 98.018018
50.738739 43.338583 90.522523
102.630631 50.393701 94.558559
44.204204 42.330709 91.099099
53.813814 97.763780 83.603604
36.132132 60.472441 74.954955
92.636637 86.677165 100.900901
51.891892 105.826772 80.144144
25.753754 48.377953 95.135135
84.180180 58.456693 87.639640
37.669670 44.346457 103.207207
105.705706 76.598425 85.333333
47.663664 98.771654 102.054054
109.165165 53.417323 72.648649
39.591592 47.370079 91.675676
91.867868 72.566929 110.126126
41.513514 65.511811 103.207207
96.096096 66.519685 103.783784
91.099099 79.622047 107.243243
42.666667 94.740157 100.900901
30.366366 70.551181 39.783784
48.432432 38.299213 99.747748
38.054054 81.637795 86.486486
26.906907 58.456693 73.225225
48.432432 72.566929 100.900901
21.141141 59.464567 74.378378
92.636637 41.322835 103.783784
50.738739 92.724409 78.990991
41.897898 103.811024 88.216216
31.903904 44.346457 106.666667
40.744745 64.503937 107.819820
37.285285 61.480315 105.513514
39.207207 63.496063 88.216216
86.870871 97.763780 63.423423
84.564565 101.795276 78.990991
24.600601 78.614173 79.567568
106.474474 68.535433 83.027027
29.213213 64.503937 55.927928
104.936937 56.440945 90.522523
39.975976 64.503937 64.576577
51.123123 74.582677 103.783784
41.897898 96.755906 100.324324
101.477477 68.535433 58.234234
44.204204 85.669291 96.864865
32.288288 74.582677 80.720721
100.708709 65.511811 92.828829
28.828829 65.511811 84.180180
86.102102 95.748031 74.954955
46.126126 72.566929 108.972973
109.165165 51.401575 72.072072
29.213213 64.503937 88.792793
56.888889 81.637795 94.558559
95.327327 78.614173 85.333333
36.516517 54.425197 73.225225
52.276276 107.842520 80.720721
20.756757 57.448819 58.810811
32.288288 85.669291 58.810811
36.516517 47.370079 100.900901
35.363363 72.566929 72.072072
111.471471 61.480315 72.648649
84.180180 60.472441 88.216216
33.441441 82.645669 99.747748
86.870871 98.771654 92.828829
91.483483 68.535433 100.900901
90.330330 54.425197 106.090090
88.024024 89.700787 65.153153
27.291291 57.448819 101.477477
46.894895 88.692913 106.666667
30.750751 71.559055 101.477477
21.141141 57.448819 65.153153
38.054054 91.716535 98.018018
41.513514 63.496063 100.900901
82.258258 79.622047 99.171171
43.051051 87.685039 77.261261
40.744745 99.779528 77.261261
34.978979 77.606299 51.315315
39.207207 67.527559 106.666667
84.948949 62.488189 91.099099
50.738739 92.724409 103.207207
45.357357 105.826772 84.180180
32.288288 81.637795 63.423423
47.279279 108.850394 80.720721
81.873874 77.606299 98.018018
105.321321 71.559055 68.036036
103.783784 66.519685 96.864865
46.126126 101.795276 87.639640
86.870871 96.755906 72.072072
84.948949 69.543307 92.252252
38.438438 46.362205 109.549550
108.012012 55.433071 80.720721
39.975976 89.700787 67.459459
107.243243 37.291339 80.720721
32.672673 61.480315 108.396396
83.411411 102.803150 80.720721
86.102102 94.740157 91.675676
41.513514 44.346457 98.018018
89.177177 49.385827 104.360360
94.558559 63.496063 109.549550
91.099099 55.433071 98.018018
86.486486 51.401575 89.945946
57.273273 94.740157 92.828829
100.708709 42.330709 102.054054
22.294294 62.488189 78.990991
89.177177 103.811024 76.684685
88.408408 46.362205 95.135135
105.321321 71.559055 68.036036
86.102102 55.433071 93.405405
101.093093 84.661417 87.639640
54.582583 86.677165 89.945946
45.741742 55.433071 110.126126
87.639640 81.637795 105.513514
58.426426 93.732283 87.639640
28.444444 65.511811 64.000000
51.123123 61.480315 100.900901
29.597598 65.511811 58.810811
30.366366 59.464567 72.072072
87.639640 106.834646 92.252252
91.867868 41.322835 98.018018
51.507508 49.385827 87.639640
89.561562 43.338583 100.324324
31.903904 51.401575 108.972973
28.060060 78.614173 88.792793
31.903904 51.401575 100.900901
93.021021 71.559055 102.630631
46.510511 101.795276 87.639640
88.408408 86.677165 85.909910
33.057057 62.488189 87.639640
34.594595 67.527559 106.666667
40.360360 45.354331 98.018018
37.669670 87.685039 107.243243
55.351351 76.598425 88.792793
91.483483 86.677165 51.891892
29.213213 57.448819 75.531532
24.984985 58.456693 98.018018
39.207207 71.559055 100.900901
85.333333 72.566929 97.441441
40.744745 84.661417 107.819820
36.516517 78.614173 93.981982
46.510511 69.543307 111.279279
91.483483 66.519685 107.243243
89.945946 100.787402 71.495495
101.477477 70.551181 82.450450
100.708709 78.614173 62.846847
84.948949 92.724409 99.171171
46.894895 104.818898 88.216216
81.105105 101.795276 84.756757
35.363363 63.496063 110.126126
47.279279 95.748031 101.477477
89.177177 93.732283 72.072072
34.210210 80.629921 103.783784
90.330330 53.417323 106.666667
40.360360 58.456693 86.486486
44.204204 92.724409 108.396396
46.126126 45.354331 90.522523
106.474474 51.401575 92.252252
93.405405 82.645669 93.981982
97.633634 69.543307 103.783784
88.408408 99.779528 74.378378
40.360360 54.425197 65.729730
49.201201 71.559055 99.171171
38.822823 48.377953 98.018018
103.399399 44.346457 95.711712
23.831832 51.401575 83.027027
39.975976 40.314961 105.513514
86.870871 107.842520 86.486486
45.357357 85.669291 106.666667
89.561562 76.598425 104.936937
33.057057 75.590551 50.738739
49.969970 104.818898 74.378378
94.174174 94.740157 72.072072
104.552553 35.275591 96.288288
46.510511 106.834646 78.990991
35.363363 70.551181 107.243243
89.945946 97.763780 89.369369
105.705706 58.456693 86.486486
43.819820 100.787402 98.018018
93.021021 92.724409 77.261261
47.663664 42.330709 98.018018
97.633634 80.629921 93.981982
35.363363 57.448819 108.396396
108.012012 38.299213 88.216216
34.210210 78.614173 53.045045
51.891892 51.401575 85.909910
47.279279 60.472441 96.288288
107.627628 63.496063 74.954955
44.588589 71.559055 103.783784
49.585586 96.755906 80.144144
91.483483 69.543307 100.900901
37.285285 76.598425 62.270270
41.129129 96.755906 90.522523
48.048048 97.763780 101.477477
32.672673 81.637795 63.423423
19.603604 54.425197 70.342342
99.555556 57.448819 107.243243
33.441441 87.685039 99.171171
85.717718 49.385827 93.981982
29.981982 77.606299 95.711712
87.255255 39.307087 87.063063
94.174174 70.551181 102.054054
93.021021 71.559055 102.630631
108.396396 57.448819 88.216216
27.675676 68.535433 45.549550
56.888889 98.771654 85.909910
26.906907 74.582677 57.081081
36.132132 92.724409 81.873874
44.204204 42.330709 102.630631
86.486486 100.787402 70.342342
52.276276 103.811024 88.216216
37.669670 88.692913 89.945946
102.246246 54.425197 89.369369
88.024024 57.448819 91.099099
89.945946 91.716535 72.648649
89.945946 77.606299 104.936937
38.438438 92.724409 97.441441
102.630631 39.307087 94.558559
29.597598 39.307087 108.972973
43.435435 81.637795 109.549550
41.513514 44.346457 106.666667
89.561562 43.338583 100.324324
93.021021 102.803150 83.027027
29.213213 67.527559 55.927928
99.939940 81.637795 75.531532
86.870871 105.826772 78.414414
38.438438 71.559055 91.675676
101.093093 75.590551 95.135135
93.405405 99.779528 95.135135
91.483483 35.275591 104.360360
98.402402 88.692913 96.288288
36.132132 53.417323 106.666667
83.411411 74.582677 96.864865
100.708709 81.637795 98.594595
47.279279 100.787402 72.072072
98.786787 45.354331 100.900901
41.129129 53.417323 69.189189
48.048048 55.433071 96.864865
84.948949 104.818898 87.063063
90.330330 84.661417 96.288288
56.504505 95.748031 85.909910
32.288288 84.661417 76.108108
40.744745 55.433071 104.936937
39.975976 54.425197 72.072072
95.711712 83.653543 88.216216
90.330330 50.393701 96.288288
98.402402 82.645669 55.927928
101.093093 65.511811 105.513514
52.660661 105.826772 88.792793
92.636637 40.314961 99.171171
34.978979 65.511811 98.594595
87.255255 45.354331 87.063063
37.669670 85.669291 100.324324
41.129129 70.551181 50.162162
91.099099 78.614173 46.126126
46.126126 84.661417 93.405405
89.177177 88.692913 100.900901
52.660661 108.850394 83.603604
101.477477 68.535433 57.657658
37.285285 43.338583 101.477477
33.825826 73.574803 68.036036
39.207207 68.535433 106.090090
31.519520 80.629921 59.387387
43.435435 102.803150 85.333333
84.180180 100.787402 87.639640
46.894895 72.566929 31.135135
25.753754 74.582677 70.342342
91.867868 77.606299 109.549550
26.522523 76.598425 90.522523
91.483483 51.401575 97.441441
89.177177 47.370079 103.783784
96.480480 92.724409 93.405405
41.513514 63.496063 54.198198
101.093093 72.566929 83.027027
105.705706 62.488189 93.981982
38.438438 50.393701 113.009009
90.714715 80.629921 40.360360
29.213213 66.519685 61.117117
95.327327 87.685039 76.108108
23.063063 72.566929 68.612613
87.255255 90.708661 91.099099
98.786787 79.622047 93.981982
85.717718 70.551181 107.819820
34.594595 76.598425 88.792793
48.432432 55.433071 107.819820
31.519520 81.637795 59.963964
52.276276 86.677165 99.171171
54.966967 90.708661 84.756757
109.165165 52.409449 78.414414
93.021021 98.771654 93.405405
92.252252 90.708661 98.018018
94.174174 37.291339 93.981982
93.405405 94.740157 81.873874
88.792793 42.330709 87.063063
50.354354 101.795276 75.531532
