44.500000 21.979798 100.202020
41.500000 100.848485 59.474747
48.000000 32.323232 82.101010
91.000000 108.606061 75.636364
109.000000 55.595960 42.666667
103.000000 50.424242 87.919192
34.000000 64.646465 42.020202
47.000000 38.787879 83.393939
84.000000 38.787879 102.141414
32.500000 58.181818 38.787879
39.500000 95.676768 87.919192
47.000000 87.919192 39.434343
97.000000 93.090909 84.040404
41.500000 107.313131 76.282828
99.000000 99.555556 80.161616
91.000000 62.060606 82.101010
41.500000 32.323232 98.909091
40.000000 80.161616 85.979798
47.500000 77.575758 93.090909
44.000000 23.272727 98.909091
33.000000 32.323232 104.080808
39.500000 58.181818 106.666667
93.000000 23.272727 109.252525
20.500000 45.252525 33.616162
104.500000 80.161616 59.474747
51.000000 55.595960 21.979798
88.000000 87.919192 62.060606
43.500000 85.333333 81.454545
30.000000 55.595960 46.545455
95.000000 65.939394 70.464646
22.000000 77.575758 79.515152
46.000000 60.767677 28.444444
112.000000 50.424242 53.010101
107.500000 64.646465 69.171717
29.500000 64.646465 30.383838
20.000000 67.232323 69.818182
82.000000 99.555556 98.909091
109.500000 54.303030 84.040404
37.500000 19.393939 103.434343
48.000000 24.565657 97.616162
31.500000 78.868687 43.313131
41.500000 40.080808 94.383838
40.000000 71.111111 93.737374
102.500000 77.575758 89.212121
94.500000 96.969697 66.585859
88.000000 86.626263 91.797980
25.500000 54.303030 88.565657
109.500000 50.424242 87.272727
25.000000 55.595960 55.595960
36.500000 109.898990 84.686869
33.500000 37.494949 15.515152
36.500000 36.202020 98.262626
38.500000 49.131313 90.505051
44.500000 107.313131 80.161616
40.500000 76.282828 40.727273
21.000000 54.303030 59.474747
29.000000 50.424242 56.888889
34.000000 90.505051 89.212121
40.000000 86.626263 87.919192
38.000000 55.595960 82.747475
27.500000 71.111111 82.747475
88.500000 60.767677 78.868687
106.000000 89.212121 73.696970
88.000000 93.090909 59.474747
29.500000 45.252525 87.272727
92.000000 34.909091 99.555556
92.500000 99.555556 72.404040
47.500000 99.555556 89.212121
93.000000 69.818182 94.383838
29.000000 91.797980 72.404040
92.500000 38.787879 94.383838
40.000000 108.606061 93.737374
91.500000 67.232323 99.555556
43.000000 49.131313 71.757576
21.500000 82.747475 65.292929
