45.000000 89.212121 54.949495
40.500000 90.505051 67.878788
32.000000 78.868687 45.898990
84.500000 33.616162 98.262626
41.000000 65.939394 27.151515
50.000000 72.404040 35.555556
95.500000 91.797980 64.646465
85.500000 20.686869 102.787879
28.500000 72.404040 43.313131
47.500000 37.494949 79.515152
87.500000 55.595960 105.373737
24.500000 74.989899 89.212121
100.000000 33.616162 96.969697
104.500000 42.666667 82.747475
106.000000 67.232323 73.696970
24.500000 40.080808 28.444444
84.000000 32.323232 100.848485
43.500000 71.111111 92.444444
93.500000 78.868687 63.353535
111.500000 56.888889 54.303030
91.500000 31.030303 96.969697
36.000000 49.131313 62.707071
33.000000 74.989899 99.555556
23.000000 46.545455 42.020202
85.000000 23.272727 101.494949
38.000000 60.767677 46.545455
23.500000 62.060606 89.858586
89.000000 80.161616 47.838384
31.000000 100.848485 84.686869
97.500000 91.797980 85.333333
31.500000 99.555556 82.747475
104.000000 67.232323 90.505051
44.000000 109.898990 80.808081
85.000000 28.444444 99.555556
37.000000 53.010101 90.505051
92.500000 109.898990 90.505051
39.000000 104.727273 88.565657
102.500000 89.212121 87.919192
40.000000 67.232323 95.676768
81.500000 95.676768 84.040404
87.000000 109.898990 77.575758
23.000000 46.545455 90.505051
40.500000 76.282828 87.272727
25.000000 42.666667 45.252525
28.000000 69.818182 74.343434
45.000000 103.434343 93.090909
43.500000 103.434343 78.868687
35.000000 99.555556 87.272727
89.500000 56.888889 100.202020
85.000000 86.626263 87.272727
31.500000 37.494949 93.737374
46.500000 36.202020 93.090909
84.000000 21.979798 100.848485
102.500000 64.646465 59.474747
41.000000 87.919192 58.181818
26.500000 86.626263 65.939394
27.000000 62.060606 37.494949
19.000000 43.959596 58.181818
23.500000 77.575758 59.474747
29.500000 67.232323 49.131313
44.000000 53.010101 34.909091
112.000000 28.444444 89.212121
30.000000 93.090909 82.101010
106.000000 47.838384 68.525253
23.500000 59.474747 92.444444
32.000000 69.818182 57.535354
34.500000 33.616162 91.151515
29.000000 73.696970 71.757576
41.000000 54.303030 62.707071
88.500000 54.303030 78.868687
38.000000 78.868687 51.717172
25.500000 41.373737 45.252525
30.000000 11.636364 109.898990
87.500000 18.101010 104.727273
37.000000 86.626263 45.898990
84.500000 106.020202 78.222222
18.500000 55.595960 76.929293
37.000000 96.969697 94.383838
19.500000 60.767677 52.363636
90.500000 74.989899 43.959596
96.500000 69.818182 63.353535
42.000000 23.272727 101.494949
86.500000 95.676768 86.626263
33.500000 65.939394 36.202020
111.000000 36.202020 66.585859
40.000000 107.313131 94.383838
96.500000 49.131313 96.323232
100.000000 18.101010 109.252525
43.000000 82.747475 44.606061
31.500000 95.676768 87.272727
99.500000 50.424242 71.111111
87.000000 29.737374 82.101010
40.500000 55.595960 100.848485
102.500000 31.030303 95.030303
28.500000 90.505051 73.696970
105.000000 43.959596 100.848485
88.500000 77.575758 83.393939
89.500000 72.404040 39.434343
102.000000 93.090909 74.343434
105.000000 40.080808 86.626263
34.000000 54.303030 43.959596
22.000000 45.252525 43.313131
46.500000 41.373737 91.797980
41.000000 100.848485 60.121212
103.500000 24.565657 101.494949
32.500000 64.646465 73.696970
106.500000 43.959596 64.646465
36.500000 45.252525 100.202020
37.500000 38.787879 102.141414
98.000000 93.090909 87.272727
20.000000 67.232323 71.757576
98.000000 54.303030 105.373737
108.500000 27.151515 100.202020
22.000000 38.787879 36.848485
99.500000 32.323232 105.373737
42.500000 58.181818 100.202020
109.500000 36.202020 77.575758
39.000000 104.727273 78.868687
44.500000 33.616162 84.040404
87.500000 104.727273 79.515152
44.500000 45.252525 102.787879
84.500000 93.090909 89.858586
100.500000 94.383838 91.151515
31.000000 55.595960 104.080808
34.500000 85.333333 89.212121
27.000000 78.868687 58.828283
89.000000 73.696970 40.080808
30.000000 72.404040 85.979798
52.000000 73.696970 32.323232
15.500000 55.595960 69.818182
32.000000 90.505051 73.050505
93.500000 90.505051 56.888889
43.500000 98.262626 69.818182
42.500000 78.868687 62.060606
32.500000 43.959596 78.222222
30.500000 86.626263 94.383838
29.500000 45.252525 47.838384
22.500000 49.131313 58.828283
93.500000 38.787879 100.202020
46.500000 38.787879 93.090909
36.000000 81.454545 70.464646
84.500000 80.161616 89.858586
93.000000 63.353535 71.111111
33.500000 78.868687 69.818182
23.000000 38.787879 94.383838
42.500000 40.080808 73.696970
91.500000 60.767677 100.848485
39.000000 84.040404 71.111111
31.500000 50.424242 69.818182
37.000000 86.626263 94.383838
48.500000 67.232323 94.383838
41.500000 74.989899 71.111111
39.000000 62.060606 101.494949
39.500000 15.515152 107.959596
82.500000 18.101010 95.030303
87.500000 86.626263 51.717172
91.500000 62.060606 79.515152
41.000000 103.434343 87.919192
91.500000 43.959596 93.090909
19.500000 56.888889 66.585859
44.500000 15.515152 99.555556
38.000000 27.151515 109.252525
36.000000 72.404040 66.585859
79.500000 115.070707 86.626263
24.500000 62.060606 79.515152
99.500000 89.212121 71.111111
43.500000 87.919192 44.606061
45.500000 78.868687 85.979798
32.500000 98.262626 82.101010
94.500000 45.252525 109.898990
83.500000 45.252525 103.434343
29.500000 60.767677 40.080808
91.000000 78.868687 73.696970
32.500000 38.787879 93.737374
108.000000 60.767677 52.363636
23.000000 21.979798 95.030303
17.500000 32.323232 95.676768
45.000000 76.282828 38.787879
42.500000 60.767677 95.676768
31.500000 77.575758 42.020202
105.500000 54.303030 36.848485
38.000000 41.373737 84.040404
95.500000 95.676768 67.232323
106.000000 38.787879 98.262626
36.500000 106.020202 73.050505
86.000000 72.404040 104.727273
29.500000 46.545455 58.181818
31.500000 42.666667 27.151515
87.000000 76.282828 84.686869
35.500000 45.252525 23.272727
38.500000 32.323232 103.434343
83.500000 85.333333 47.191919
39.500000 95.676768 89.212121
35.500000 87.919192 73.050505
37.500000 77.575758 93.737374
32.500000 82.747475 49.131313
30.000000 27.151515 109.252525
93.000000 58.181818 89.858586
40.000000 93.090909 87.919192
37.500000 37.494949 102.141414
44.500000 91.797980 54.303030
36.500000 64.646465 30.383838
40.500000 76.282828 92.444444
41.000000 103.434343 94.383838
91.000000 87.919192 67.878788
101.000000 73.696970 49.777778
33.000000 86.626263 51.070707
97.500000 25.858586 106.020202
89.500000 50.424242 93.737374
91.500000 21.979798 102.141414
23.000000 69.818182 70.464646
41.500000 25.858586 97.616162
84.000000 109.898990 94.383838
36.000000 55.595960 89.212121
31.500000 41.373737 39.434343
33.500000 43.959596 102.141414
15.500000 38.787879 81.454545
29.500000 59.474747 39.434343
85.000000 41.373737 85.333333
36.000000 78.868687 96.969697
40.000000 87.919192 84.686869
33.000000 80.161616 70.464646
113.000000 58.181818 72.404040
29.500000 38.787879 87.919192
26.500000 81.454545 63.353535
95.000000 73.696970 92.444444
32.500000 36.202020 108.606061
96.000000 55.595960 94.383838
88.000000 89.212121 98.262626
15.500000 38.787879 69.818182
42.500000 50.424242 102.787879
91.000000 85.333333 79.515152
27.500000 65.939394 65.939394
86.500000 73.696970 102.141414
21.000000 56.888889 63.353535
86.500000 98.262626 77.575758
98.000000 38.787879 91.151515
35.500000 71.111111 73.050505
42.500000 59.474747 94.383838
36.500000 49.131313 43.959596
84.500000 43.959596 96.969697
39.500000 73.696970 89.212121
83.000000 37.494949 90.505051
99.000000 82.747475 86.626263
87.000000 54.303030 107.313131
100.500000 58.181818 91.797980
84.500000 21.979798 91.797980
81.000000 99.555556 87.272727
35.000000 64.646465 61.414141
88.500000 63.353535 86.626263
41.500000 99.555556 74.343434
42.500000 31.030303 96.323232
98.000000 69.818182 81.454545
106.500000 42.666667 85.979798
86.000000 94.383838 88.565657
105.000000 54.303030 93.737374
42.000000 84.040404 44.606061
85.500000 68.525253 102.141414
85.000000 37.494949 99.555556
30.000000 89.212121 58.181818
81.500000 81.454545 38.787879
105.000000 65.939394 61.414141
40.500000 41.373737 73.050505
17.000000 16.808081 100.848485
44.000000 93.090909 55.595960
86.500000 86.626263 62.707071
92.500000 74.989899 76.282828
30.000000 19.393939 105.373737
42.500000 19.393939 100.202020
43.000000 53.010101 98.909091
38.500000 36.202020 80.808081
18.500000 54.303030 77.575758
34.000000 16.808081 106.666667
102.500000 60.767677 45.898990
84.000000 27.151515 98.262626
104.000000 46.545455 85.333333
87.500000 65.939394 103.434343
33.500000 53.010101 43.959596
17.000000 33.616162 97.616162
34.500000 89.212121 73.050505
92.500000 73.696970 84.686869
43.000000 14.222222 99.555556
93.000000 51.717172 93.737374
96.500000 31.030303 83.393939
29.500000 12.929293 109.252525
112.500000 53.010101 78.222222
93.000000 98.262626 73.050505
91.500000 59.474747 105.373737
52.000000 51.717172 21.333333
106.500000 62.060606 65.939394
44.500000 84.040404 36.848485
30.500000 49.131313 60.767677
97.000000 63.353535 78.868687
76.500000 102.141414 81.454545
49.500000 33.616162 78.868687
101.000000 78.868687 77.575758
40.500000 86.626263 52.363636
100.000000 96.969697 80.161616
40.000000 86.626263 89.212121
102.500000 53.010101 101.494949
