44.500000 15.515152 99.555556
41.000000 100.848485 60.121212
48.000000 25.858586 80.808081
91.500000 107.313131 76.282828
110.000000 50.424242 42.020202
103.000000 42.666667 89.212121
34.500000 62.060606 42.020202
47.500000 33.616162 82.747475
84.000000 32.323232 100.848485
32.000000 54.303030 38.787879
39.500000 94.383838 88.565657
48.500000 87.919192 40.080808
97.500000 91.797980 85.333333
42.000000 107.313131 76.929293
100.000000 98.262626 81.454545
91.000000 55.595960 82.747475
41.500000 25.858586 97.616162
40.500000 76.282828 87.272727
47.500000 72.404040 94.383838
44.000000 16.808081 98.262626
33.000000 24.565657 103.434343
38.000000 50.424242 108.606061
93.000000 16.808081 108.606061
20.000000 43.959596 34.262626
105.500000 78.868687 59.474747
52.000000 51.717172 21.333333
87.000000 85.333333 61.414141
44.000000 81.454545 82.101010
30.500000 50.424242 47.191919
95.500000 62.060606 71.111111
22.000000 72.404040 82.101010
47.000000 56.888889 27.797980
112.500000 45.252525 54.303030
108.500000 58.181818 71.111111
30.000000 60.767677 28.444444
21.000000 63.353535 72.404040
82.000000 99.555556 98.909091
109.500000 46.545455 85.333333
37.000000 12.929293 102.141414
47.500000 19.393939 96.969697
31.500000 77.575758 42.020202
41.500000 33.616162 94.383838
40.000000 67.232323 95.676768
102.500000 72.404040 91.797980
95.500000 95.676768 67.232323
84.500000 80.161616 89.858586
25.000000 46.545455 91.151515
110.000000 42.666667 88.565657
25.000000 49.131313 56.888889
36.500000 109.898990 85.333333
32.500000 37.494949 16.161616
36.500000 28.444444 98.262626
38.500000 43.959596 90.505051
45.000000 107.313131 80.808081
42.000000 74.989899 41.373737
21.000000 47.838384 62.060606
29.500000 46.545455 58.181818
34.000000 87.919192 90.505051
40.000000 84.040404 88.565657
39.000000 50.424242 82.747475
27.500000 65.939394 85.979798
88.500000 54.303030 78.868687
107.000000 86.626263 74.343434
88.000000 91.797980 58.828283
29.500000 38.787879 87.919192
91.500000 27.151515 98.909091
93.000000 98.262626 73.050505
47.500000 98.262626 89.858586
93.000000 64.646465 95.030303
28.500000 90.505051 73.696970
92.000000 32.323232 93.090909
40.000000 107.313131 94.383838
91.500000 60.767677 100.848485
44.000000 43.959596 71.757576
20.500000 80.161616 66.585859
