44.500000 19.393939 99.555556
41.000000 100.848485 59.474747
47.500000 29.737374 81.454545
91.000000 107.313131 75.636364
109.000000 53.010101 40.727273
103.000000 49.131313 87.919192
34.500000 62.060606 40.727273
47.000000 37.494949 82.747475
83.500000 37.494949 102.141414
32.000000 55.595960 38.141414
39.500000 95.676768 87.919192
47.500000 87.919192 39.434343
97.500000 93.090909 84.040404
42.000000 107.313131 76.282828
99.500000 99.555556 79.515152
91.000000 60.767677 82.101010
41.500000 31.030303 97.616162
40.500000 77.575758 86.626263
47.500000 74.989899 93.737374
44.000000 20.686869 98.262626
33.000000 28.444444 103.434343
38.500000 55.595960 107.313131
93.000000 21.979798 108.606061
20.500000 45.252525 33.616162
105.000000 80.161616 59.474747
51.500000 53.010101 21.333333
87.500000 86.626263 61.414141
44.000000 84.040404 82.101010
30.000000 53.010101 45.252525
95.500000 63.353535 69.818182
22.000000 73.696970 80.161616
46.000000 58.181818 27.797980
112.000000 50.424242 53.656566
108.000000 62.060606 69.171717
30.000000 62.060606 29.090909
21.000000 64.646465 70.464646
82.000000 99.555556 98.909091
109.500000 53.010101 84.040404
37.000000 16.808081 102.787879
47.500000 23.272727 96.969697
31.500000 77.575758 42.020202
41.500000 37.494949 94.383838
40.000000 68.525253 95.030303
102.500000 74.989899 89.858586
94.500000 95.676768 66.585859
85.500000 82.747475 89.212121
25.000000 50.424242 89.858586
110.000000 49.131313 87.272727
25.000000 50.424242 55.595960
36.500000 109.898990 84.686869
32.500000 37.494949 16.161616
36.500000 33.616162 98.262626
38.500000 47.838384 90.505051
45.000000 107.313131 80.161616
41.000000 76.282828 40.727273
21.000000 50.424242 60.767677
29.000000 49.131313 56.888889
34.000000 89.212121 89.858586
40.000000 85.333333 87.919192
38.000000 54.303030 82.101010
27.500000 67.232323 84.686869
88.500000 59.474747 78.222222
106.500000 87.919192 74.343434
88.000000 93.090909 58.828283
29.500000 42.666667 87.272727
92.000000 33.616162 99.555556
92.500000 99.555556 72.404040
47.500000 98.262626 89.858586
93.500000 68.525253 95.030303
28.500000 91.797980 73.050505
92.500000 37.494949 93.737374
40.000000 107.313131 94.383838
91.500000 64.646465 100.202020
43.000000 47.838384 71.757576
21.000000 81.454545 65.292929
