44.500000 23.272727 100.202020
41.000000 100.848485 60.121212
47.500000 32.323232 82.101010
91.000000 108.606061 75.636364
109.000000 55.595960 42.666667
103.000000 51.717172 88.565657
34.000000 64.646465 42.020202
47.500000 38.787879 83.393939
84.000000 38.787879 101.494949
32.000000 59.474747 38.787879
39.500000 95.676768 87.919192
47.500000 86.626263 36.202020
97.000000 94.383838 84.040404
41.500000 108.606061 76.282828
99.000000 100.848485 80.808081
91.000000 62.060606 82.747475
41.500000 33.616162 98.262626
40.000000 80.161616 86.626263
46.500000 78.868687 93.090909
44.000000 24.565657 98.909091
33.000000 32.323232 104.080808
38.000000 56.888889 107.959596
93.500000 24.565657 109.252525
21.000000 46.545455 33.616162
104.000000 81.454545 59.474747
50.000000 55.595960 23.272727
87.500000 87.919192 62.707071
43.500000 85.333333 82.101010
30.000000 55.595960 46.545455
95.500000 67.232323 71.111111
22.000000 77.575758 79.515152
46.000000 60.767677 28.444444
112.500000 51.717172 54.303030
107.500000 65.939394 69.818182
29.000000 64.646465 31.030303
21.500000 68.525253 71.111111
82.500000 100.848485 98.262626
109.500000 55.595960 84.040404
37.000000 20.686869 102.787879
47.500000 25.858586 97.616162
31.000000 80.161616 42.666667
41.500000 40.080808 95.030303
39.500000 72.404040 94.383838
102.500000 77.575758 89.858586
94.000000 96.969697 67.232323
84.500000 84.040404 89.212121
26.000000 55.595960 88.565657
109.500000 51.717172 87.272727
25.000000 55.595960 55.595960
36.500000 109.898990 84.686869
33.000000 37.494949 16.161616
36.500000 36.202020 98.262626
38.500000 51.717172 90.505051
45.000000 108.606061 80.161616
40.000000 77.575758 42.020202
21.500000 54.303030 60.767677
29.000000 54.303030 57.535354
33.500000 90.505051 89.212121
39.500000 87.919192 87.919192
38.500000 56.888889 82.747475
27.500000 71.111111 83.393939
88.500000 60.767677 78.868687
106.500000 89.212121 73.696970
88.000000 93.090909 59.474747
29.500000 46.545455 87.272727
92.000000 34.909091 99.555556
92.000000 99.555556 72.404040
47.500000 99.555556 89.212121
93.000000 71.111111 94.383838
29.000000 91.797980 72.404040
92.500000 41.373737 93.737374
40.500000 108.606061 93.090909
91.500000 67.232323 100.202020
43.000000 50.424242 71.757576
22.000000 82.747475 65.292929
