45.000000 21.979798 100.202020
41.000000 100.848485 59.474747
48.000000 31.030303 81.454545
90.500000 107.313131 75.636364
109.000000 53.010101 41.373737
103.000000 49.131313 87.919192
34.000000 63.353535 41.373737
47.000000 37.494949 83.393939
83.500000 38.787879 100.848485
32.000000 56.888889 37.494949
39.500000 95.676768 87.919192
47.000000 87.919192 39.434343
97.000000 93.090909 84.040404
42.000000 107.313131 76.282828
99.500000 99.555556 80.161616
90.500000 62.060606 82.101010
41.500000 32.323232 98.262626
40.000000 80.161616 85.979798
47.000000 77.575758 93.090909
44.000000 21.979798 98.909091
33.000000 31.030303 103.434343
38.500000 56.888889 107.313131
92.500000 24.565657 109.252525
20.500000 45.252525 33.616162
104.500000 80.161616 58.828283
50.500000 54.303030 21.979798
87.500000 87.919192 61.414141
43.500000 84.040404 81.454545
30.000000 54.303030 45.898990
95.000000 65.939394 69.818182
22.000000 76.282828 79.515152
46.000000 59.474747 27.797980
112.000000 49.131313 53.010101
107.000000 64.646465 68.525253
29.500000 63.353535 29.737374
21.500000 67.232323 69.818182
82.000000 99.555556 98.909091
109.500000 54.303030 84.040404
37.500000 18.101010 102.787879
48.000000 24.565657 96.969697
31.500000 78.868687 42.020202
41.500000 38.787879 94.383838
39.500000 71.111111 93.737374
102.500000 76.282828 89.212121
94.500000 95.676768 65.939394
85.000000 84.040404 89.212121
25.500000 54.303030 88.565657
110.000000 49.131313 87.272727
25.000000 54.303030 54.949495
36.500000 109.898990 84.040404
33.500000 37.494949 15.515152
36.500000 34.909091 98.262626
38.500000 49.131313 90.505051
44.500000 107.313131 80.161616
40.500000 76.282828 40.727273
21.000000 53.010101 59.474747
29.000000 49.131313 56.888889
34.000000 89.212121 89.212121
40.000000 85.333333 87.919192
38.500000 55.595960 82.101010
27.000000 69.818182 83.393939
88.500000 60.767677 78.868687
106.500000 89.212121 73.696970
87.500000 93.090909 58.828283
29.500000 43.959596 87.272727
92.000000 34.909091 99.555556
92.500000 99.555556 72.404040
47.500000 99.555556 89.212121
93.000000 69.818182 93.737374
29.000000 91.797980 72.404040
92.000000 38.787879 94.383838
40.000000 107.313131 93.737374
92.000000 67.232323 100.202020
43.000000 47.838384 71.757576
21.500000 82.747475 65.292929
