44.500000 16.808081 99.555556
41.000000 100.848485 60.121212
48.000000 27.151515 80.808081
91.500000 107.313131 75.636364
110.000000 50.424242 42.020202
103.000000 45.252525 88.565657
34.500000 62.060606 41.373737
47.500000 34.909091 82.747475
83.500000 36.202020 100.848485
32.000000 54.303030 38.787879
39.500000 94.383838 88.565657
48.000000 87.919192 39.434343
97.500000 91.797980 84.686869
42.000000 107.313131 76.929293
100.000000 98.262626 80.808081
91.000000 58.181818 82.101010
41.500000 27.151515 97.616162
40.500000 77.575758 86.626263
47.500000 73.696970 93.737374
44.000000 18.101010 98.262626
33.000000 25.858586 103.434343
38.000000 50.424242 108.606061
93.000000 19.393939 108.606061
20.000000 43.959596 34.262626
105.500000 78.868687 58.828283
51.500000 51.717172 21.333333
87.000000 85.333333 61.414141
44.000000 82.747475 82.101010
30.500000 50.424242 46.545455
95.500000 63.353535 69.818182
22.000000 73.696970 80.808081
46.500000 56.888889 27.797980
112.000000 46.545455 54.303030
108.500000 59.474747 69.818182
30.000000 60.767677 28.444444
21.000000 64.646465 71.757576
82.000000 99.555556 98.909091
109.500000 49.131313 84.686869
38.000000 15.515152 102.141414
47.500000 20.686869 96.969697
31.500000 77.575758 42.020202
41.000000 34.909091 95.030303
40.000000 68.525253 95.030303
102.500000 73.696970 91.151515
95.500000 95.676768 66.585859
84.500000 81.454545 89.858586
25.000000 47.838384 90.505051
110.000000 45.252525 87.919192
24.500000 49.131313 56.242424
36.500000 109.898990 84.686869
32.500000 37.494949 16.161616
36.500000 31.030303 98.262626
38.500000 45.252525 90.505051
45.000000 107.313131 80.808081
42.000000 74.989899 40.727273
21.000000 49.131313 60.767677
29.500000 47.838384 57.535354
34.000000 87.919192 89.858586
40.000000 84.040404 87.919192
38.500000 51.717172 82.747475
27.500000 67.232323 85.333333
88.500000 56.888889 78.222222
107.000000 86.626263 73.696970
88.000000 91.797980 58.828283
29.500000 40.080808 87.272727
91.500000 31.030303 98.909091
93.000000 98.262626 72.404040
47.500000 98.262626 89.858586
93.000000 65.939394 94.383838
28.500000 90.505051 73.050505
92.000000 36.202020 93.090909
40.000000 107.313131 94.383838
91.500000 63.353535 100.202020
43.500000 45.252525 71.757576
20.500000 80.161616 65.939394
