44.500000 90.505051 54.303030
39.500000 93.090909 67.232323
31.500000 81.454545 45.898990
84.500000 40.080808 98.909091
39.500000 67.232323 28.444444
47.000000 73.696970 35.555556
95.500000 94.383838 64.646465
85.500000 27.151515 103.434343
28.500000 76.282828 45.252525
47.000000 42.666667 80.161616
87.500000 62.060606 104.727273
24.000000 80.161616 86.626263
100.000000 42.666667 96.969697
104.500000 51.717172 82.101010
105.500000 72.404040 71.757576
25.500000 42.666667 28.444444
84.000000 38.787879 101.494949
43.000000 76.282828 91.151515
93.500000 82.747475 63.353535
110.000000 63.353535 53.010101
92.000000 38.787879 97.616162
34.500000 55.595960 62.060606
32.000000 80.161616 97.616162
26.500000 55.595960 42.020202
85.000000 29.737374 102.141414
37.000000 64.646465 47.191919
24.500000 68.525253 85.979798
90.500000 81.454545 49.131313
31.500000 102.141414 83.393939
97.000000 94.383838 84.040404
31.500000 100.848485 81.454545
104.000000 72.404040 88.565657
43.500000 111.191919 80.161616
85.000000 36.202020 100.202020
37.500000 60.767677 89.212121
91.500000 111.191919 89.212121
39.000000 106.020202 87.272727
102.000000 91.797980 85.979798
39.500000 72.404040 94.383838
81.500000 96.969697 84.040404
86.500000 109.898990 77.575758
23.500000 55.595960 87.919192
40.000000 80.161616 86.626263
25.000000 47.838384 44.606061
28.000000 73.696970 73.050505
45.000000 104.727273 92.444444
43.500000 104.727273 78.222222
34.500000 100.848485 86.626263
89.500000 63.353535 99.555556
85.000000 89.212121 86.626263
31.500000 46.545455 92.444444
46.500000 42.666667 93.737374
84.000000 28.444444 101.494949
103.500000 69.818182 58.828283
40.000000 90.505051 58.181818
27.500000 87.919192 64.646465
27.500000 64.646465 38.141414
19.000000 49.131313 56.242424
24.500000 80.161616 59.474747
29.500000 69.818182 49.131313
43.000000 56.888889 34.262626
111.000000 37.494949 88.565657
30.500000 94.383838 80.161616
105.500000 56.888889 67.878788
24.000000 67.232323 89.212121
31.500000 72.404040 56.888889
34.500000 41.373737 91.151515
29.000000 77.575758 70.464646
39.500000 59.474747 62.707071
88.500000 60.767677 78.868687
37.000000 81.454545 51.717172
25.500000 46.545455 44.606061
30.000000 19.393939 110.545455
87.500000 24.565657 105.373737
36.500000 87.919192 46.545455
84.000000 107.313131 77.575758
19.000000 62.060606 74.343434
37.000000 98.262626 93.090909
20.500000 65.939394 53.010101
91.000000 77.575758 44.606061
96.500000 73.696970 63.353535
42.000000 29.737374 102.141414
86.500000 96.969697 86.626263
33.000000 68.525253 36.848485
111.500000 43.959596 67.232323
40.500000 108.606061 93.090909
96.500000 56.888889 95.676768
100.000000 25.858586 109.252525
41.500000 85.333333 44.606061
31.500000 96.969697 85.979798
99.500000 58.181818 69.818182
87.000000 37.494949 83.393939
40.500000 62.060606 99.555556
102.500000 40.080808 95.030303
29.000000 91.797980 72.404040
104.500000 53.010101 98.909091
88.500000 81.454545 81.454545
90.000000 74.989899 40.080808
101.000000 94.383838 73.050505
105.000000 49.131313 85.979798
34.000000 59.474747 43.959596
22.500000 50.424242 42.666667
46.500000 47.838384 92.444444
41.000000 100.848485 60.121212
103.500000 33.616162 100.848485
31.500000 68.525253 73.050505
106.500000 51.717172 64.646465
36.500000 53.010101 99.555556
37.500000 46.545455 102.141414
97.500000 95.676768 85.979798
21.500000 71.111111 69.818182
98.000000 62.060606 104.080808
108.500000 36.202020 99.555556
22.500000 42.666667 36.202020
99.500000 41.373737 105.373737
42.500000 64.646465 99.555556
109.500000 43.959596 76.929293
39.000000 106.020202 78.222222
44.500000 38.787879 84.686869
87.000000 106.020202 79.515152
45.000000 51.717172 102.141414
84.500000 95.676768 89.212121
100.000000 96.969697 89.212121
31.500000 63.353535 101.494949
33.500000 87.919192 87.919192
27.500000 81.454545 58.181818
89.500000 76.282828 40.727273
29.500000 77.575758 83.393939
49.000000 74.989899 32.969697
16.000000 62.060606 67.878788
32.000000 91.797980 71.757576
93.500000 91.797980 58.181818
43.500000 99.555556 69.171717
40.500000 82.747475 62.060606
32.000000 53.010101 76.929293
30.500000 89.212121 91.797980
29.000000 50.424242 46.545455
22.500000 55.595960 57.535354
94.000000 47.838384 100.848485
46.500000 45.252525 93.737374
35.000000 84.040404 69.818182
84.500000 84.040404 89.212121
93.000000 67.232323 70.464646
33.000000 82.747475 69.171717
23.000000 46.545455 93.737374
41.500000 46.545455 73.696970
91.500000 67.232323 100.202020
38.000000 87.919192 70.464646
31.000000 58.181818 68.525253
36.500000 87.919192 92.444444
48.500000 72.404040 93.090909
40.000000 78.868687 70.464646
39.000000 67.232323 100.202020
39.500000 23.272727 108.606061
82.500000 24.565657 96.323232
88.000000 87.919192 53.010101
92.000000 67.232323 79.515152
41.000000 104.727273 87.272727
91.000000 53.010101 92.444444
20.000000 62.060606 65.939394
44.500000 23.272727 100.202020
38.000000 34.909091 109.898990
34.500000 76.282828 66.585859
79.500000 115.070707 86.626263
24.500000 67.232323 77.575758
98.500000 91.797980 70.464646
42.000000 89.212121 43.959596
44.500000 82.747475 85.333333
32.500000 99.555556 80.808081
95.000000 53.010101 107.313131
83.500000 53.010101 103.434343
29.500000 64.646465 40.080808
91.500000 82.747475 73.696970
32.500000 46.545455 93.737374
107.500000 67.232323 52.363636
23.500000 31.030303 94.383838
18.000000 38.787879 94.383838
43.000000 78.868687 38.141414
42.500000 67.232323 95.030303
31.000000 80.161616 42.666667
105.000000 59.474747 38.141414
38.000000 49.131313 84.040404
94.000000 96.969697 67.232323
105.000000 49.131313 96.969697
37.000000 106.020202 72.404040
86.000000 77.575758 104.080808
29.000000 54.303030 57.535354
32.000000 49.131313 27.797980
87.000000 81.454545 84.040404
35.500000 49.131313 23.272727
38.500000 40.080808 103.434343
84.500000 86.626263 47.838384
39.500000 96.969697 88.565657
34.500000 90.505051 72.404040
36.500000 81.454545 92.444444
32.500000 84.040404 49.777778
30.000000 34.909091 109.898990
92.500000 64.646465 88.565657
40.000000 94.383838 87.272727
37.500000 45.252525 102.141414
42.500000 93.090909 53.656566
35.500000 67.232323 31.030303
40.000000 80.161616 91.151515
41.000000 104.727273 93.737374
91.000000 90.505051 67.878788
100.500000 76.282828 49.777778
33.000000 87.919192 51.717172
97.500000 33.616162 106.020202
89.500000 58.181818 93.737374
92.000000 29.737374 102.787879
23.500000 73.696970 68.525253
41.500000 33.616162 98.262626
84.000000 111.191919 93.737374
36.500000 62.060606 87.919192
31.500000 46.545455 38.787879
33.500000 51.717172 101.494949
17.500000 46.545455 80.808081
29.000000 63.353535 41.373737
85.000000 47.838384 86.626263
35.000000 82.747475 95.676768
39.500000 90.505051 84.040404
32.000000 84.040404 69.818182
111.000000 65.939394 70.464646
29.500000 46.545455 87.272727
27.000000 84.040404 62.707071
94.500000 78.868687 91.151515
32.500000 43.959596 108.606061
96.000000 63.353535 93.737374
88.500000 91.797980 96.969697
17.000000 45.252525 69.171717
43.000000 56.888889 102.141414
91.500000 87.919192 79.515152
27.500000 69.818182 64.646465
86.500000 78.868687 100.848485
22.000000 63.353535 63.353535
86.500000 99.555556 77.575758
98.500000 47.838384 91.151515
34.500000 74.989899 72.404040
42.000000 65.939394 94.383838
36.000000 54.303030 43.959596
84.500000 50.424242 97.616162
39.000000 78.868687 87.919192
83.000000 45.252525 91.151515
99.000000 86.626263 85.333333
87.000000 60.767677 106.666667
100.500000 67.232323 90.505051
84.500000 29.737374 93.090909
81.000000 100.848485 86.626263
33.500000 68.525253 60.767677
88.500000 68.525253 85.979798
41.500000 100.848485 73.696970
42.500000 38.787879 96.969697
98.000000 73.696970 80.161616
106.500000 51.717172 84.686869
86.000000 95.676768 88.565657
104.500000 63.353535 92.444444
40.500000 85.333333 44.606061
85.500000 73.696970 101.494949
85.000000 45.252525 100.202020
30.500000 90.505051 58.181818
82.500000 82.747475 40.080808
104.500000 71.111111 60.767677
39.500000 47.838384 73.050505
18.000000 25.858586 100.202020
44.000000 93.090909 54.949495
87.500000 87.919192 62.707071
92.500000 78.868687 75.636364
30.000000 27.151515 106.020202
42.500000 25.858586 100.848485
43.000000 59.474747 98.909091
38.500000 43.959596 80.808081
19.000000 62.060606 74.989899
34.000000 24.565657 107.313131
102.000000 65.939394 46.545455
84.000000 33.616162 98.909091
104.000000 55.595960 84.686869
87.500000 71.111111 102.141414
33.000000 58.181818 43.313131
18.000000 40.080808 95.676768
33.500000 91.797980 72.404040
92.500000 77.575758 84.040404
43.000000 21.979798 100.202020
93.500000 59.474747 93.737374
97.000000 40.080808 84.040404
29.500000 20.686869 109.898990
111.000000 62.060606 76.282828
92.000000 99.555556 72.404040
91.500000 65.939394 104.727273
50.000000 55.595960 23.272727
105.500000 67.232323 64.646465
42.000000 85.333333 37.494949
30.000000 55.595960 60.121212
96.500000 68.525253 77.575758
76.500000 103.434343 80.808081
49.000000 38.787879 79.515152
101.000000 82.747475 76.282828
39.500000 87.919192 52.363636
99.000000 98.262626 78.868687
39.500000 90.505051 88.565657
102.500000 60.767677 99.555556
