31.500000 48.301887 94.885572
82.500000 97.811321 54.766169
38.500000 102.641509 56.039801
31.500000 48.301887 87.880597
17.500000 64.000000 66.228856
80.000000 117.132075 90.427861
92.000000 39.849057 101.890547
48.500000 73.660377 104.437811
23.500000 71.245283 47.124378
22.000000 66.415094 94.248756
40.000000 53.132075 108.258706
114.500000 44.679245 71.960199
44.500000 83.320755 86.606965
82.500000 107.471698 88.517413
32.500000 55.547170 28.019900
26.500000 86.943396 42.666667
50.000000 47.094340 80.875622
34.000000 84.528302 86.606965
115.500000 48.301887 57.313433
41.000000 99.018868 103.164179
79.500000 102.641509 92.338308
98.000000 42.264151 85.333333
78.000000 112.301887 71.960199
37.500000 60.377358 73.233831
87.500000 79.698113 102.527363
31.500000 83.320755 100.616915
87.000000 27.773585 91.064677
102.500000 82.113208 65.592040
111.500000 79.698113 54.766169
39.500000 100.226415 60.497512
79.000000 86.943396 99.980100
97.000000 88.150943 89.791045
82.500000 39.849057 96.796020
107.000000 92.981132 83.422886
42.500000 88.150943 102.527363
23.000000 82.113208 43.940299
40.000000 57.962264 43.303483
31.500000 101.433962 100.616915
84.000000 43.471698 98.706468
89.000000 107.471698 87.880597
32.000000 78.490566 53.492537
40.500000 114.716981 92.338308
24.000000 54.339623 83.422886
24.500000 59.169811 78.965174
42.000000 95.396226 96.796020
86.000000 60.377358 108.258706
88.500000 71.245283 91.701493
112.500000 45.886792 80.238806
100.000000 71.245283 66.865672
24.000000 38.641509 96.159204
43.500000 80.905660 106.985075
98.500000 84.528302 84.059701
28.500000 76.075472 103.800995
86.500000 91.773585 66.865672
94.500000 36.226415 80.238806
100.000000 78.490566 96.796020
95.000000 91.773585 43.940299
94.500000 80.905660 82.786070
40.000000 57.962264 98.069652
96.000000 82.113208 43.303483
26.500000 97.811321 68.139303
101.500000 44.679245 103.164179
95.000000 68.830189 92.975124
41.500000 84.528302 109.532338
86.500000 95.396226 75.781095
98.000000 95.396226 63.681592
89.000000 73.660377 33.114428
106.500000 79.698113 71.960199
97.500000 54.339623 101.890547
38.500000 108.679245 86.606965
24.500000 45.886792 96.159204
83.000000 101.433962 94.248756
21.500000 44.679245 70.686567
83.000000 96.603774 52.855721
47.000000 66.415094 94.248756
35.500000 72.452830 98.706468
84.500000 100.226415 82.786070
45.500000 119.547170 87.880597
104.500000 51.924528 82.149254
81.500000 53.132075 103.164179
49.000000 80.905660 99.343284
94.500000 111.094340 90.427861
90.000000 68.830189 105.074627
33.000000 99.018868 61.771144
21.000000 55.547170 84.696517
108.500000 72.452830 83.422886
83.000000 91.773585 53.492537
32.500000 37.433962 91.701493
46.500000 53.132075 72.597015
14.000000 41.056604 84.696517
99.000000 108.679245 66.865672
30.500000 97.811321 51.582090
90.000000 55.547170 104.437811
32.000000 59.169811 88.517413
35.000000 51.924528 109.532338
99.500000 74.867925 39.482587
26.500000 80.905660 94.248756
17.500000 66.415094 61.771144
101.000000 61.584906 94.885572
92.500000 73.660377 37.572139
33.500000 89.358491 88.517413
48.000000 57.962264 81.512438
34.500000 83.320755 57.313433
45.500000 70.037736 98.706468
41.500000 41.056604 68.776119
32.500000 45.886792 91.064677
34.000000 38.641509 104.437811
31.500000 35.018868 98.069652
33.000000 49.509434 80.238806
85.000000 120.754717 89.791045
45.500000 120.754717 87.243781
83.000000 106.264151 65.592040
22.500000 91.773585 90.427861
38.000000 115.924528 94.885572
24.500000 80.905660 36.935323
43.000000 85.735849 96.159204
33.000000 72.452830 24.199005
10.500000 36.226415 62.407960
38.000000 89.358491 91.064677
39.000000 86.943396 31.840796
32.000000 44.679245 91.064677
31.500000 85.735849 96.796020
92.000000 101.433962 57.313433
47.500000 74.867925 96.159204
46.500000 83.320755 29.293532
40.500000 59.169811 111.442786
27.000000 65.207547 55.402985
39.500000 79.698113 58.587065
91.500000 77.283019 96.159204
93.500000 33.811321 73.870647
103.000000 107.471698 84.059701
86.000000 90.566038 48.398010
30.000000 79.698113 84.059701
111.500000 68.830189 84.696517
95.500000 42.264151 95.522388
95.000000 78.490566 55.402985
40.500000 54.339623 68.139303
82.500000 78.490566 98.069652
15.500000 44.679245 46.487562
97.000000 76.075472 45.850746
49.500000 76.075472 85.970149
92.000000 94.188679 50.945274
100.500000 107.471698 64.318408
88.500000 108.679245 87.880597
46.500000 41.056604 89.154229
37.500000 94.188679 55.402985
27.500000 44.679245 80.238806
89.500000 57.962264 102.527363
115.500000 43.471698 50.308458
84.000000 35.018868 68.776119
97.500000 101.433962 95.522388
90.500000 83.320755 103.800995
99.000000 27.773585 87.880597
82.000000 64.000000 97.432836
14.500000 39.849057 67.502488
41.500000 77.283019 45.213930
35.500000 117.132075 85.970149
94.500000 65.207547 87.880597
24.000000 94.188679 84.059701
91.500000 73.660377 66.228856
40.500000 56.754717 71.323383
36.500000 66.415094 40.119403
111.000000 68.830189 75.781095
30.500000 92.981132 71.323383
95.000000 80.905660 45.213930
84.000000 118.339623 88.517413
43.500000 66.415094 36.298507
42.000000 32.603774 101.890547
36.500000 106.264151 101.253731
31.500000 113.509434 87.243781
22.500000 41.056604 84.696517
46.000000 118.339623 87.880597
82.000000 101.433962 69.412935
103.000000 85.735849 90.427861
89.000000 67.622642 99.343284
98.500000 68.830189 80.238806
37.500000 61.584906 73.870647
106.500000 62.792453 66.228856
33.000000 54.339623 92.975124
43.000000 92.981132 92.338308
93.000000 62.792453 75.781095
113.500000 44.679245 50.945274
42.000000 30.188679 96.159204
31.500000 114.716981 87.243781
27.000000 47.094340 98.069652
20.000000 47.094340 96.159204
38.500000 112.301887 79.601990
50.000000 71.245283 90.427861
40.500000 33.811321 97.432836
86.500000 88.150943 86.606965
31.500000 49.509434 94.885572
44.000000 67.622642 36.298507
27.500000 50.716981 88.517413
107.000000 50.716981 74.507463
95.000000 90.566038 83.422886
27.000000 62.792453 39.482587
24.000000 30.188679 92.338308
38.500000 54.339623 108.895522
27.500000 48.301887 97.432836
45.000000 105.056604 77.054726
76.000000 114.716981 87.880597
30.000000 39.849057 79.601990
93.000000 73.660377 33.114428
38.000000 103.849057 57.313433
51.000000 99.018868 82.786070
31.500000 57.962264 103.800995
104.000000 47.094340 99.980100
45.500000 113.509434 90.427861
40.500000 53.132075 26.746269
33.500000 32.603774 95.522388
45.000000 85.735849 29.930348
34.500000 64.000000 85.970149
43.000000 85.735849 36.935323
107.000000 95.396226 66.228856
29.000000 50.716981 58.587065
18.500000 56.754717 95.522388
53.500000 90.566038 91.701493
26.000000 68.830189 69.412935
77.000000 106.264151 91.701493
82.500000 115.924528 91.701493
41.000000 76.075472 37.572139
24.500000 86.943396 72.597015
100.000000 89.358491 92.975124
83.000000 99.018868 54.766169
41.500000 59.169811 86.606965
37.500000 96.603774 62.407960
18.500000 61.584906 54.129353
100.000000 79.698113 79.601990
28.000000 99.018868 56.676617
92.500000 96.603774 54.766169
92.500000 66.415094 85.970149
42.000000 91.773585 75.144279
86.000000 70.037736 99.980100
48.500000 33.811321 79.601990
106.000000 57.962264 45.213930
22.000000 32.603774 97.432836
87.000000 51.924528 83.422886
27.000000 33.811321 90.427861
82.000000 109.886792 100.616915
42.000000 91.773585 45.213930
88.500000 26.566038 93.611940
104.500000 51.924528 64.318408
109.500000 77.283019 62.407960
91.500000 60.377358 85.970149
39.000000 80.905660 41.393035
25.000000 83.320755 97.432836
37.000000 95.396226 47.124378
79.000000 114.716981 78.965174
89.500000 78.490566 78.328358
29.500000 86.943396 82.149254
18.500000 28.981132 92.975124
97.500000 71.245283 90.427861
50.500000 45.886792 81.512438
24.500000 82.113208 50.308458
101.000000 48.301887 72.597015
46.000000 24.150943 96.159204
101.500000 55.547170 76.417910
95.000000 31.396226 77.691542
88.500000 48.301887 99.343284
101.000000 64.000000 50.945274
90.000000 77.283019 31.840796
94.500000 37.433962 73.870647
50.500000 117.132075 82.149254
97.500000 78.490566 68.776119
42.500000 62.792453 21.651741
83.500000 41.056604 96.796020
92.500000 103.849057 75.144279
91.000000 79.698113 58.587065
42.000000 26.566038 96.159204
86.500000 102.641509 96.796020
25.500000 71.245283 61.134328
41.500000 47.094340 67.502488
110.500000 47.094340 52.855721
109.000000 42.264151 75.781095
42.500000 103.849057 68.139303
81.500000 95.396226 97.432836
30.500000 107.471698 69.412935
98.500000 77.283019 68.139303
90.000000 78.490566 55.402985
34.500000 82.113208 112.079602
113.500000 74.867925 72.597015
45.500000 102.641509 94.885572
110.000000 43.471698 76.417910
27.500000 67.622642 60.497512
42.500000 91.773585 49.671642
31.000000 43.471698 106.348259
92.500000 111.094340 79.601990
19.000000 78.490566 89.791045
52.000000 56.754717 83.422886
101.500000 82.113208 78.965174
32.500000 51.924528 86.606965
93.500000 108.679245 89.154229
36.000000 92.981132 103.164179
17.000000 67.622642 68.776119
107.000000 77.283019 72.597015
44.000000 39.849057 89.154229
112.000000 35.018868 65.592040
36.500000 48.301887 105.711443
32.500000 57.962264 47.124378
110.000000 54.339623 59.860697
