52.500000 105.056604 87.880597
44.500000 51.924528 66.228856
84.500000 88.150943 103.800995
85.500000 92.981132 48.398010
45.000000 85.735849 29.930348
17.000000 86.943396 77.054726
50.000000 73.660377 89.791045
105.500000 72.452830 88.517413
87.000000 83.320755 36.935323
87.500000 83.320755 55.402985
48.500000 76.075472 103.800995
37.000000 61.584906 26.746269
110.000000 37.433962 73.870647
52.000000 59.169811 84.696517
97.500000 84.528302 103.164179
101.000000 50.716981 85.970149
92.500000 102.641509 94.885572
80.500000 109.886792 91.064677
82.500000 107.471698 88.517413
78.000000 100.226415 52.855721
106.500000 88.150943 80.238806
21.000000 90.566038 74.507463
46.500000 118.339623 86.606965
18.500000 73.660377 56.039801
37.000000 107.471698 100.616915
25.500000 102.641509 86.606965
52.500000 66.415094 84.696517
32.500000 49.509434 92.338308
42.500000 33.811321 101.253731
29.000000 72.452830 68.139303
46.500000 27.773585 95.522388
91.500000 72.452830 34.388060
31.500000 88.150943 97.432836
82.000000 82.113208 32.477612
90.000000 77.283019 38.845771
38.000000 108.679245 67.502488
41.500000 45.886792 71.323383
82.500000 109.886792 77.054726
102.000000 80.905660 56.676617
101.000000 51.924528 72.597015
103.500000 84.528302 89.154229
90.500000 67.622642 100.616915
17.000000 51.924528 68.139303
23.000000 45.886792 85.970149
103.000000 39.849057 88.517413
85.000000 97.811321 47.761194
100.500000 92.981132 74.507463
44.000000 43.471698 90.427861
89.000000 68.830189 98.706468
103.500000 76.075472 43.303483
41.500000 67.622642 74.507463
22.500000 51.924528 59.223881
92.500000 73.660377 38.208955
46.500000 97.811321 87.880597
32.500000 79.698113 29.930348
88.000000 82.113208 54.766169
110.500000 35.018868 72.597015
110.500000 66.415094 77.691542
41.500000 61.584906 110.805970
85.500000 59.169811 103.800995
25.000000 86.943396 63.681592
21.500000 73.660377 41.393035
95.000000 71.245283 45.213930
45.500000 101.433962 77.054726
32.000000 61.584906 103.800995
107.500000 82.113208 78.965174
41.000000 50.716981 68.776119
29.000000 56.754717 27.383085
104.000000 85.735849 61.771144
107.000000 84.528302 56.039801
39.000000 55.547170 101.890547
42.000000 59.169811 89.791045
37.500000 61.584906 98.069652
18.500000 39.849057 98.069652
21.500000 54.339623 31.203980
