52.500000 105.056604 87.880597
44.500000 54.339623 67.502488
85.000000 88.150943 103.800995
85.000000 92.981132 48.398010
45.000000 85.735849 29.930348
17.500000 86.943396 77.054726
50.500000 74.867925 89.791045
105.000000 73.660377 88.517413
87.500000 83.320755 37.572139
88.000000 83.320755 55.402985
48.500000 78.490566 102.527363
37.500000 61.584906 26.746269
110.500000 38.641509 74.507463
52.000000 61.584906 84.696517
97.500000 84.528302 103.800995
101.000000 53.132075 85.333333
92.500000 103.849057 94.885572
80.500000 109.886792 91.701493
82.500000 108.679245 88.517413
77.500000 100.226415 52.855721
106.500000 88.150943 80.875622
21.500000 91.773585 72.597015
47.000000 118.339623 86.606965
19.000000 76.075472 52.855721
36.500000 107.471698 99.343284
25.500000 103.849057 85.333333
52.500000 68.830189 84.059701
32.000000 51.924528 92.338308
42.000000 37.433962 103.164179
29.500000 73.660377 66.228856
46.000000 31.396226 96.159204
92.000000 72.452830 34.388060
30.500000 90.566038 96.159204
82.000000 82.113208 33.751244
91.000000 78.490566 38.845771
38.500000 108.679245 66.228856
37.500000 51.924528 65.592040
83.000000 109.886792 77.054726
102.000000 80.905660 57.313433
101.000000 53.132075 73.233831
103.500000 84.528302 89.154229
90.500000 68.830189 101.253731
16.000000 55.547170 66.865672
23.000000 49.509434 85.333333
101.500000 43.471698 88.517413
85.000000 97.811321 47.761194
100.500000 92.981132 74.507463
44.000000 47.094340 91.064677
89.000000 70.037736 98.706468
103.500000 76.075472 42.666667
41.500000 68.830189 73.870647
22.500000 54.339623 58.587065
93.000000 73.660377 38.208955
47.000000 99.018868 87.880597
33.000000 79.698113 30.567164
88.500000 82.113208 55.402985
110.000000 37.433962 73.233831
110.000000 68.830189 77.054726
41.500000 66.415094 110.169154
85.500000 60.377358 103.800995
25.000000 86.943396 63.681592
22.500000 74.867925 38.208955
95.000000 73.660377 47.124378
45.000000 101.433962 77.054726
32.500000 66.415094 103.800995
107.000000 82.113208 79.601990
41.500000 51.924528 70.049751
29.500000 57.962264 28.019900
105.000000 85.735849 63.044776
107.500000 84.528302 56.676617
39.500000 59.169811 101.890547
43.000000 62.792453 90.427861
38.000000 66.415094 97.432836
19.000000 43.471698 98.069652
23.000000 54.339623 31.203980
