32.000000 55.547170 95.522388
82.500000 97.811321 54.766169
38.000000 102.641509 56.676617
31.500000 55.547170 89.154229
18.000000 67.622642 61.134328
80.000000 117.132075 90.427861
92.000000 44.679245 103.164179
48.500000 78.490566 102.527363
25.000000 73.660377 43.940299
22.500000 71.245283 93.611940
41.500000 60.377358 108.895522
114.500000 49.509434 71.323383
44.500000 85.735849 85.970149
82.500000 108.679245 88.517413
32.500000 57.962264 28.019900
27.500000 86.943396 42.666667
50.000000 51.924528 82.786070
34.000000 86.943396 85.333333
115.500000 53.132075 56.039801
40.500000 101.433962 102.527363
79.500000 103.849057 92.338308
98.000000 48.301887 85.970149
77.000000 112.301887 71.960199
37.500000 66.415094 73.233831
87.500000 80.905660 101.890547
31.000000 85.735849 98.706468
87.500000 33.811321 94.248756
102.000000 83.320755 64.955224
110.500000 80.905660 54.129353
40.000000 100.226415 59.860697
79.000000 88.150943 99.980100
97.500000 89.358491 87.880597
82.500000 44.679245 98.706468
107.000000 94.188679 82.149254
40.500000 91.773585 100.616915
24.000000 83.320755 43.940299
39.000000 60.377358 42.029851
33.000000 101.433962 101.253731
84.000000 48.301887 100.616915
89.000000 107.471698 87.243781
32.000000 79.698113 52.218905
41.000000 114.716981 91.064677
24.500000 62.792453 84.059701
25.000000 67.622642 79.601990
41.500000 97.811321 95.522388
87.000000 64.000000 108.258706
88.500000 73.660377 91.701493
112.000000 51.924528 79.601990
100.000000 74.867925 66.228856
25.000000 47.094340 96.159204
43.500000 84.528302 106.348259
98.500000 85.735849 82.786070
29.500000 79.698113 103.164179
87.000000 92.981132 66.865672
94.500000 41.056604 80.238806
99.500000 79.698113 96.159204
93.500000 91.773585 43.940299
94.500000 82.113208 82.149254
40.500000 65.207547 98.706468
96.500000 84.528302 42.666667
27.000000 99.018868 66.228856
100.500000 47.094340 103.164179
95.000000 71.245283 92.975124
42.000000 88.150943 108.258706
86.500000 96.603774 75.781095
97.500000 95.396226 63.681592
88.500000 74.867925 33.114428
106.500000 80.905660 70.686567
98.000000 59.169811 103.164179
38.500000 109.886792 85.333333
25.500000 54.339623 96.159204
83.000000 102.641509 94.248756
21.500000 51.924528 71.960199
83.500000 96.603774 52.855721
47.500000 70.037736 93.611940
35.500000 77.283019 98.069652
84.500000 101.433962 82.786070
46.000000 119.547170 87.243781
104.500000 56.754717 82.786070
81.500000 57.962264 104.437811
49.000000 83.320755 99.343284
94.500000 111.094340 89.791045
90.000000 71.245283 103.800995
33.000000 99.018868 60.497512
21.500000 65.207547 84.696517
108.000000 74.867925 84.059701
83.000000 92.981132 53.492537
32.500000 45.886792 92.975124
46.000000 57.962264 73.870647
14.500000 49.509434 84.696517
98.000000 108.679245 66.228856
31.500000 97.811321 50.308458
90.000000 59.169811 106.348259
32.500000 66.415094 88.517413
36.000000 59.169811 110.169154
98.500000 76.075472 39.482587
25.500000 83.320755 92.338308
18.000000 70.037736 57.313433
101.000000 65.207547 94.248756
92.000000 74.867925 37.572139
33.000000 92.981132 85.970149
48.000000 64.000000 81.512438
34.500000 84.528302 57.313433
46.000000 74.867925 97.432836
37.500000 51.924528 65.592040
32.500000 53.132075 92.338308
35.000000 47.094340 105.711443
32.000000 43.471698 99.343284
33.000000 56.754717 81.512438
84.500000 120.754717 89.791045
46.500000 120.754717 85.970149
83.500000 106.264151 65.592040
22.500000 95.396226 87.243781
39.000000 115.924528 92.338308
25.000000 82.113208 36.298507
42.000000 89.358491 94.248756
34.500000 72.452830 22.925373
11.500000 42.264151 63.044776
37.500000 92.981132 89.791045
39.500000 86.943396 31.840796
32.000000 51.924528 92.338308
31.000000 88.150943 94.885572
91.000000 101.433962 57.313433
47.500000 78.490566 95.522388
46.500000 83.320755 29.293532
41.500000 66.415094 110.169154
28.000000 67.622642 51.582090
39.500000 80.905660 58.587065
91.500000 79.698113 96.159204
94.000000 38.641509 77.054726
103.000000 107.471698 82.786070
86.000000 90.566038 48.398010
29.500000 82.113208 82.786070
111.500000 71.245283 83.422886
95.500000 48.301887 96.159204
94.500000 79.698113 54.766169
40.000000 60.377358 69.412935
82.500000 79.698113 98.069652
15.000000 50.716981 46.487562
96.000000 77.283019 45.850746
49.500000 78.490566 85.970149
91.000000 94.188679 50.945274
99.500000 107.471698 63.681592
88.500000 108.679245 87.243781
46.500000 48.301887 91.064677
38.000000 94.188679 54.766169
27.000000 51.924528 81.512438
89.500000 61.584906 103.164179
115.000000 47.094340 49.034826
85.000000 39.849057 72.597015
98.000000 102.641509 94.885572
90.500000 85.735849 103.800995
99.500000 33.811321 91.064677
82.000000 66.415094 97.432836
15.500000 47.094340 67.502488
41.500000 77.283019 44.577114
36.000000 117.132075 84.696517
95.000000 67.622642 87.243781
24.000000 96.603774 81.512438
91.500000 76.075472 66.228856
40.500000 62.792453 71.960199
37.000000 66.415094 37.572139
111.000000 71.245283 74.507463
31.000000 94.188679 69.412935
94.000000 82.113208 45.850746
83.500000 118.339623 87.880597
44.000000 66.415094 34.388060
42.000000 41.056604 103.800995
36.500000 107.471698 99.343284
32.000000 114.716981 85.333333
23.000000 49.509434 85.333333
47.000000 118.339623 86.606965
82.500000 102.641509 69.412935
103.000000 86.943396 88.517413
89.000000 70.037736 98.706468
98.500000 71.245283 79.601990
38.000000 66.415094 73.233831
106.500000 65.207547 64.955224
33.500000 62.792453 92.338308
42.500000 95.396226 91.064677
93.000000 65.207547 75.144279
113.500000 48.301887 50.308458
41.500000 38.641509 98.706468
32.000000 114.716981 85.333333
27.500000 54.339623 98.706468
21.000000 55.547170 96.796020
39.500000 112.301887 78.328358
50.500000 74.867925 89.791045
40.000000 42.264151 98.706468
86.500000 89.358491 86.606965
32.000000 56.754717 95.522388
44.000000 67.622642 35.024876
28.500000 60.377358 88.517413
108.000000 55.547170 73.870647
95.000000 90.566038 82.149254
28.500000 62.792453 36.935323
24.500000 39.849057 93.611940
39.000000 61.584906 108.895522
28.000000 55.547170 98.069652
45.000000 106.264151 76.417910
76.000000 114.716981 87.880597
30.000000 48.301887 80.238806
92.500000 74.867925 33.114428
38.500000 103.849057 56.676617
51.000000 100.226415 82.786070
32.500000 66.415094 103.800995
104.000000 53.132075 99.980100
46.000000 114.716981 89.791045
39.500000 54.339623 26.109453
33.500000 41.056604 97.432836
45.000000 85.735849 29.930348
34.500000 68.830189 85.333333
43.000000 85.735849 37.572139
107.000000 96.603774 64.318408
28.500000 57.962264 59.223881
20.000000 65.207547 95.522388
53.500000 92.981132 91.064677
26.500000 72.452830 66.228856
77.000000 106.264151 91.701493
82.500000 115.924528 91.701493
41.500000 76.075472 36.935323
25.000000 89.358491 70.049751
100.500000 90.566038 91.701493
83.000000 99.018868 54.766169
41.500000 66.415094 85.970149
37.500000 97.811321 61.771144
19.000000 64.000000 49.034826
100.500000 82.113208 78.328358
28.500000 99.018868 54.766169
92.000000 96.603774 54.766169
92.500000 68.830189 85.970149
42.000000 92.981132 74.507463
86.000000 72.452830 99.980100
48.500000 39.849057 83.422886
105.500000 60.377358 44.577114
23.000000 41.056604 98.706468
87.000000 56.754717 85.333333
27.500000 42.264151 91.701493
82.000000 109.886792 100.616915
42.000000 92.981132 43.940299
88.500000 32.603774 95.522388
104.500000 56.754717 64.955224
109.000000 79.698113 61.134328
91.000000 64.000000 85.333333
39.000000 82.113208 40.756219
24.500000 85.735849 95.522388
37.500000 95.396226 47.124378
78.500000 114.716981 78.328358
89.500000 80.905660 78.328358
29.000000 89.358491 79.601990
19.000000 38.641509 94.248756
97.000000 73.660377 91.064677
49.500000 50.716981 83.422886
25.000000 83.320755 49.671642
101.000000 53.132075 73.233831
45.000000 32.603774 98.069652
102.000000 60.377358 76.417910
95.000000 37.433962 79.601990
88.500000 53.132075 100.616915
100.000000 65.207547 50.945274
89.500000 78.490566 32.477612
93.500000 42.264151 75.144279
51.500000 117.132075 80.875622
97.000000 79.698113 68.139303
42.500000 61.584906 20.378109
83.500000 47.094340 98.706468
92.000000 103.849057 74.507463
91.000000 80.905660 58.587065
42.000000 36.226415 98.706468
86.500000 103.849057 96.796020
26.500000 74.867925 57.950249
41.500000 51.924528 70.049751
110.500000 50.716981 51.582090
108.500000 48.301887 75.144279
42.500000 105.056604 67.502488
81.500000 96.603774 97.432836
32.000000 107.471698 68.139303
97.000000 79.698113 68.139303
90.000000 79.698113 55.402985
35.500000 85.735849 111.442786
113.000000 77.283019 71.323383
45.500000 105.056604 94.248756
110.000000 49.509434 75.781095
28.000000 70.037736 57.313433
42.000000 91.773585 49.034826
32.000000 51.924528 107.621891
92.000000 111.094340 78.965174
18.500000 80.905660 87.243781
52.000000 61.584906 84.696517
101.500000 83.320755 77.691542
33.500000 60.377358 87.243781
93.500000 108.679245 88.517413
35.500000 96.603774 101.253731
17.000000 71.245283 63.681592
107.000000 79.698113 71.323383
44.000000 47.094340 91.064677
113.000000 39.849057 66.228856
37.500000 55.547170 106.348259
33.000000 61.584906 45.213930
110.500000 57.962264 59.223881
