52.500000 105.056604 87.243781
44.500000 54.339623 67.502488
84.500000 88.150943 103.800995
85.500000 92.981132 48.398010
45.000000 85.735849 29.930348
17.500000 86.943396 77.054726
50.500000 74.867925 89.154229
105.000000 73.660377 87.880597
87.500000 83.320755 36.935323
88.000000 83.320755 55.402985
49.000000 78.490566 103.164179
37.500000 61.584906 26.746269
110.500000 38.641509 74.507463
52.000000 61.584906 84.696517
97.500000 83.320755 103.800995
100.500000 53.132075 85.970149
92.500000 103.849057 95.522388
80.500000 109.886792 91.064677
83.000000 107.471698 88.517413
77.500000 100.226415 52.855721
106.500000 88.150943 80.875622
21.000000 91.773585 72.597015
47.000000 118.339623 86.606965
19.000000 76.075472 52.855721
36.500000 107.471698 99.980100
25.500000 103.849057 85.333333
53.000000 67.622642 84.696517
32.500000 53.132075 92.338308
42.000000 37.433962 101.890547
30.000000 73.660377 66.228856
46.000000 31.396226 96.159204
92.000000 72.452830 34.388060
31.000000 90.566038 96.159204
82.000000 82.113208 33.751244
90.500000 77.283019 38.845771
39.000000 108.679245 66.228856
42.000000 47.094340 71.323383
82.500000 109.886792 77.054726
102.000000 80.905660 57.313433
101.000000 53.132075 73.233831
103.500000 84.528302 88.517413
90.500000 68.830189 101.253731
17.000000 56.754717 67.502488
22.500000 48.301887 85.333333
102.000000 42.264151 88.517413
85.000000 97.811321 47.761194
100.500000 92.981132 74.507463
44.000000 45.886792 90.427861
89.000000 70.037736 99.343284
103.500000 76.075472 42.666667
41.500000 68.830189 73.870647
22.500000 55.547170 58.587065
92.500000 73.660377 38.208955
46.500000 99.018868 87.880597
33.000000 79.698113 30.567164
88.500000 82.113208 55.402985
110.500000 36.226415 73.233831
110.500000 67.622642 78.328358
41.500000 66.415094 110.805970
85.000000 60.377358 103.800995
25.500000 86.943396 63.681592
22.500000 74.867925 38.208955
95.000000 72.452830 45.850746
45.500000 101.433962 76.417910
32.500000 66.415094 103.800995
107.000000 82.113208 79.601990
41.000000 53.132075 70.686567
30.000000 57.962264 27.383085
105.000000 85.735849 63.044776
107.500000 84.528302 56.676617
39.000000 59.169811 103.164179
43.000000 62.792453 89.154229
38.000000 65.207547 97.432836
19.000000 41.056604 98.069652
22.500000 55.547170 31.203980
