52.500000 103.849057 87.880597
45.000000 49.509434 64.955224
85.000000 88.150943 103.800995
85.500000 92.981132 48.398010
44.500000 85.735849 29.293532
17.000000 84.528302 78.965174
50.000000 71.245283 90.427861
105.500000 70.037736 88.517413
87.000000 83.320755 36.935323
88.000000 83.320755 55.402985
48.500000 73.660377 104.437811
36.500000 62.792453 28.019900
110.000000 36.226415 73.870647
51.500000 57.962264 84.696517
97.500000 84.528302 103.164179
101.000000 47.094340 85.333333
92.500000 102.641509 95.522388
80.500000 109.886792 91.064677
82.500000 107.471698 88.517413
77.500000 100.226415 52.855721
106.500000 86.943396 80.875622
21.000000 89.358491 75.781095
46.000000 118.339623 87.880597
18.500000 72.452830 56.676617
36.500000 106.264151 100.616915
25.500000 101.433962 87.880597
52.500000 65.207547 85.333333
32.500000 45.886792 91.064677
43.000000 31.396226 98.706468
29.500000 70.037736 68.139303
46.500000 25.358491 94.885572
92.500000 71.245283 34.388060
32.000000 88.150943 97.432836
82.000000 82.113208 33.114428
90.500000 76.075472 38.845771
38.000000 108.679245 67.502488
42.000000 42.264151 68.776119
82.500000 109.886792 77.054726
102.000000 80.905660 57.313433
100.000000 49.509434 71.960199
103.500000 84.528302 88.517413
90.500000 66.415094 101.253731
16.500000 49.509434 66.865672
22.500000 41.056604 84.696517
103.000000 38.641509 87.880597
85.000000 97.811321 47.761194
100.500000 91.773585 75.144279
44.000000 39.849057 89.154229
89.000000 67.622642 99.343284
104.500000 74.867925 42.666667
41.500000 66.415094 75.144279
22.500000 48.301887 57.313433
93.500000 72.452830 38.208955
46.500000 96.603774 88.517413
32.500000 79.698113 30.567164
88.000000 82.113208 54.766169
110.500000 33.811321 72.597015
110.500000 65.207547 79.601990
41.000000 59.169811 111.442786
85.500000 57.962264 103.164179
25.500000 86.943396 63.681592
21.000000 73.660377 42.029851
95.500000 71.245283 45.850746
45.000000 100.226415 77.054726
32.000000 59.169811 103.800995
109.000000 80.905660 77.691542
41.500000 48.301887 67.502488
29.000000 56.754717 27.383085
104.500000 85.735849 62.407960
107.500000 84.528302 56.676617
38.500000 54.339623 101.890547
42.000000 57.962264 89.791045
37.500000 60.377358 98.069652
17.500000 33.811321 97.432836
22.000000 51.924528 32.477612
