52.500000 103.849057 87.880597
45.000000 49.509434 64.955224
85.000000 86.943396 103.800995
85.500000 92.981132 48.398010
45.000000 85.735849 29.930348
17.000000 84.528302 78.965174
50.000000 71.245283 90.427861
105.500000 70.037736 89.154229
88.000000 82.113208 36.935323
88.000000 82.113208 55.402985
48.500000 73.660377 104.437811
36.500000 62.792453 28.019900
110.000000 33.811321 74.507463
52.000000 56.754717 83.422886
97.500000 82.113208 104.437811
101.000000 47.094340 85.333333
92.500000 102.641509 95.522388
80.500000 109.886792 91.701493
82.500000 107.471698 88.517413
77.500000 100.226415 52.855721
106.500000 86.943396 82.149254
21.000000 89.358491 75.781095
46.000000 118.339623 87.880597
18.000000 72.452830 57.313433
36.500000 106.264151 101.253731
25.500000 101.433962 87.880597
52.500000 65.207547 85.333333
32.000000 44.679245 91.064677
42.500000 28.981132 100.616915
29.500000 70.037736 68.776119
46.500000 22.943396 94.248756
92.500000 71.245283 34.388060
32.000000 86.943396 99.343284
82.500000 80.905660 33.114428
91.000000 76.075472 38.845771
38.000000 108.679245 67.502488
41.500000 41.056604 68.776119
83.000000 109.886792 77.691542
102.500000 79.698113 57.950249
101.000000 48.301887 72.597015
103.500000 83.320755 90.427861
90.500000 66.415094 101.253731
16.500000 48.301887 66.865672
22.500000 41.056604 84.696517
102.500000 36.226415 88.517413
85.000000 97.811321 47.761194
100.500000 91.773585 75.144279
44.000000 39.849057 89.154229
89.000000 67.622642 99.343284
104.500000 74.867925 43.303483
41.500000 66.415094 75.144279
22.500000 48.301887 57.313433
93.500000 72.452830 38.208955
46.500000 96.603774 88.517413
32.500000 79.698113 30.567164
88.500000 80.905660 54.766169
110.500000 31.396226 73.233831
110.500000 65.207547 79.601990
40.500000 59.169811 111.442786
85.500000 56.754717 103.164179
25.000000 85.735849 64.955224
21.000000 73.660377 42.029851
95.500000 71.245283 46.487562
45.000000 100.226415 77.054726
31.500000 59.169811 103.800995
107.000000 80.905660 80.875622
41.500000 47.094340 67.502488
29.000000 55.547170 27.383085
105.500000 84.528302 63.681592
108.000000 83.320755 57.313433
38.500000 51.924528 101.253731
42.000000 55.547170 89.154229
37.500000 59.169811 97.432836
17.500000 33.811321 97.432836
22.000000 51.924528 33.114428
