52.500000 105.056604 87.243781
44.500000 53.132075 66.228856
84.500000 88.150943 103.800995
85.500000 92.981132 48.398010
45.000000 85.735849 29.930348
17.000000 84.528302 78.965174
50.000000 73.660377 89.791045
105.000000 72.452830 88.517413
87.000000 83.320755 37.572139
87.500000 83.320755 55.402985
49.000000 76.075472 103.800995
37.000000 61.584906 26.746269
110.000000 38.641509 74.507463
52.000000 60.377358 84.059701
97.500000 84.528302 103.800995
100.500000 51.924528 85.333333
92.500000 103.849057 94.885572
80.500000 109.886792 91.064677
82.500000 107.471698 88.517413
77.500000 100.226415 52.855721
106.500000 88.150943 80.875622
21.000000 91.773585 73.870647
46.500000 118.339623 86.606965
18.500000 74.867925 54.766169
37.000000 107.471698 99.980100
25.500000 102.641509 85.970149
52.500000 66.415094 84.696517
31.500000 49.509434 93.611940
42.000000 36.226415 101.890547
29.500000 72.452830 66.865672
46.000000 30.188679 95.522388
91.500000 72.452830 34.388060
31.000000 89.358491 97.432836
82.000000 82.113208 33.114428
90.500000 77.283019 38.845771
38.500000 108.679245 66.865672
41.500000 45.886792 70.686567
82.500000 109.886792 77.054726
102.000000 80.905660 57.313433
101.000000 51.924528 71.960199
103.500000 84.528302 89.154229
90.500000 68.830189 101.253731
16.500000 53.132075 67.502488
23.000000 48.301887 84.696517
101.500000 42.264151 87.880597
85.000000 97.811321 47.761194
100.500000 92.981132 74.507463
44.000000 44.679245 90.427861
89.000000 68.830189 98.706468
103.500000 76.075472 43.303483
41.500000 67.622642 74.507463
22.500000 53.132075 58.587065
92.500000 73.660377 38.208955
46.500000 97.811321 87.880597
33.000000 79.698113 30.567164
88.000000 82.113208 54.766169
110.500000 36.226415 73.233831
110.500000 67.622642 77.691542
41.500000 61.584906 110.805970
85.500000 60.377358 103.800995
25.500000 86.943396 63.681592
21.500000 74.867925 39.482587
95.000000 72.452830 45.850746
45.000000 101.433962 76.417910
32.500000 64.000000 103.800995
107.000000 82.113208 78.965174
41.500000 51.924528 68.776119
29.000000 56.754717 26.746269
104.500000 85.735849 62.407960
107.000000 84.528302 56.039801
39.000000 56.754717 102.527363
42.500000 60.377358 89.791045
38.000000 64.000000 97.432836
19.000000 41.056604 98.069652
22.000000 54.339623 31.203980
