39.415873 57.704918 103.424000
100.368254 48.262295 95.232000
18.692063 51.409836 65.024000
34.539683 46.163934 102.400000
101.180952 68.196721 62.464000
32.507937 84.983607 42.496000
97.523810 91.278689 73.216000
27.631746 75.540984 57.856000
108.088889 39.868852 91.136000
39.415873 39.868852 114.176000
94.679365 65.049180 54.784000
82.082540 36.721311 97.792000
42.260317 78.688525 49.152000
97.117460 55.606557 70.144000
78.831746 66.098361 86.016000
90.615873 84.983607 37.888000
29.663492 38.819672 36.864000
47.542857 52.459016 53.248000
100.368254 38.819672 90.624000
55.263492 69.245902 96.768000
25.600000 68.196721 71.168000
56.076190 52.459016 91.648000
21.942857 38.819672 81.408000
106.057143 64.000000 55.808000
48.761905 61.901639 103.424000
84.520635 62.950820 103.936000
94.273016 90.229508 50.176000
91.834921 35.672131 90.112000
30.476190 56.655738 35.840000
81.269841 45.114754 97.792000
80.863492 83.934426 41.472000
98.742857 57.704918 93.696000
58.514286 54.557377 18.432000
48.355556 101.770492 78.336000
32.101587 39.868852 74.752000
92.647619 86.032787 92.672000
33.726984 84.983607 67.072000
50.387302 92.327869 78.848000
44.698413 54.557377 59.904000
95.492063 58.754098 87.040000
34.946032 57.704918 45.056000
103.619048 82.885246 60.928000
78.425397 80.786885 25.088000
91.834921 69.245902 82.944000
107.682540 64.000000 77.312000
45.104762 52.459016 25.088000
51.200000 60.852459 32.256000
100.774603 68.196721 86.528000
72.330159 69.245902 23.040000
45.511111 39.868852 96.768000
42.260317 76.590164 46.592000
50.793651 96.524590 68.096000
29.257143 69.245902 44.032000
106.869841 37.770492 50.688000
28.850794 56.655738 68.096000
25.193651 54.557377 70.144000
97.117460 78.688525 50.176000
95.085714 66.098361 84.992000
101.180952 47.213115 86.528000
95.898413 52.459016 60.416000
88.990476 80.786885 90.624000
80.050794 53.508197 84.480000
33.320635 48.262295 32.256000
34.539683 90.229508 76.288000
51.606349 40.918033 78.848000
78.425397 96.524590 68.608000
26.412698 40.918033 108.032000
90.615873 48.262295 108.544000
32.101587 65.049180 38.912000
77.612698 78.688525 29.696000
94.679365 97.573770 75.776000
54.450794 52.459016 78.848000
22.755556 75.540984 71.680000
46.323810 45.114754 111.104000
108.901587 49.311475 78.848000
98.336508 76.590164 68.608000
36.571429 70.295082 99.328000
45.917460 59.803279 28.672000
72.736508 71.344262 25.088000
97.523810 51.409836 30.208000
91.428571 60.852459 57.856000
103.619048 83.934426 60.928000
103.212698 48.262295 79.360000
48.355556 98.622951 87.040000
106.463492 58.754098 80.384000
97.930159 46.163934 59.904000
26.412698 78.688525 87.552000
106.057143 36.721311 87.552000
25.600000 67.147541 45.056000
77.612698 60.852459 26.624000
52.419048 67.147541 97.280000
53.231746 60.852459 92.160000
96.711111 86.032787 67.584000
34.946032 95.475410 90.112000
80.863492 81.836066 70.144000
92.647619 58.754098 38.912000
89.803175 57.704918 104.960000
90.209524 73.442623 26.624000
51.200000 32.524590 73.216000
107.682540 39.868852 55.296000
76.800000 91.278689 89.600000
110.933333 58.754098 76.288000
80.050794 36.721311 90.624000
42.260317 56.655738 82.944000
106.463492 59.803279 80.384000
37.384127 52.459016 62.464000
22.349206 48.262295 88.064000
41.853968 86.032787 35.328000
33.320635 57.704918 107.520000
47.542857 88.131148 94.720000
101.993651 41.967213 64.512000
49.168254 74.491803 83.968000
28.444444 75.540984 66.048000
30.882540 86.032787 50.688000
88.584127 71.344262 46.592000
27.225397 47.213115 52.224000
21.130159 67.147541 65.024000
97.523810 78.688525 50.176000
43.479365 87.081967 51.200000
46.323810 95.475410 79.872000
55.669841 78.688525 86.528000
37.384127 82.885246 75.264000
95.492063 90.229508 73.216000
73.142857 84.983607 38.912000
103.212698 40.918033 52.224000
103.619048 35.672131 49.152000
53.638095 81.836066 68.096000
25.193651 39.868852 37.888000
40.228571 92.327869 59.904000
44.698413 50.360656 95.232000
44.292063 60.852459 110.592000
83.301587 90.229508 52.224000
90.615873 94.426230 75.264000
33.726984 90.229508 79.360000
81.269841 84.983607 71.680000
86.958730 41.967213 110.080000
109.307937 37.770492 70.144000
95.898413 79.737705 92.160000
84.520635 91.278689 53.248000
45.917460 78.688525 51.200000
48.355556 96.524590 79.872000
78.831746 57.704918 101.376000
81.269841 80.786885 41.984000
106.869841 39.868852 75.264000
41.041270 60.852459 46.592000
78.831746 59.803279 25.088000
43.073016 53.508197 29.696000
81.676190 86.032787 86.016000
41.853968 60.852459 87.040000
24.787302 43.016393 87.552000
104.025397 66.098361 73.216000
80.457143 64.000000 28.672000
84.520635 62.950820 98.304000
51.606349 79.737705 27.648000
106.057143 54.557377 94.208000
96.711111 82.885246 75.776000
93.866667 86.032787 92.160000
95.085714 73.442623 102.912000
81.676190 92.327869 54.784000
44.698413 59.803279 113.664000
95.898413 77.639344 51.200000
105.244444 36.721311 55.296000
98.336508 46.163934 66.560000
94.679365 74.491803 96.256000
25.193651 70.295082 55.296000
28.038095 76.590164 66.048000
104.838095 56.655738 95.744000
85.739683 83.934426 70.656000
45.104762 55.606557 114.176000
94.679365 52.459016 43.008000
109.714286 40.918033 64.512000
26.006349 43.016393 103.424000
36.977778 88.131148 93.184000
101.587302 82.885246 86.016000
52.825397 35.672131 93.184000
90.615873 88.131148 54.272000
86.958730 72.393443 60.928000
87.771429 58.754098 50.176000
109.307937 51.409836 56.832000
32.101587 87.081967 73.216000
73.955556 83.934426 39.424000
82.895238 75.540984 29.696000
51.200000 88.131148 60.928000
90.615873 50.360656 70.144000
22.349206 58.754098 76.288000
87.771429 40.918033 103.936000
38.603175 79.737705 35.840000
51.200000 78.688525 82.432000
84.926984 50.360656 22.016000
69.079365 86.032787 31.744000
82.895238 34.622951 98.816000
78.425397 71.344262 28.672000
93.866667 48.262295 87.040000
104.431746 51.409836 62.976000
83.707937 47.213115 93.184000
75.987302 98.622951 71.680000
38.196825 65.049180 105.472000
84.520635 76.590164 29.184000
91.022222 53.508197 20.480000
102.806349 70.295082 84.992000
43.479365 78.688525 63.488000
35.758730 79.737705 44.032000
78.831746 74.491803 95.744000
101.587302 52.459016 97.280000
96.711111 55.606557 72.704000
104.431746 76.590164 72.704000
100.774603 46.163934 67.584000
81.269841 61.901639 86.528000
91.834921 68.196721 92.672000
89.396825 59.803279 50.688000
84.520635 57.704918 100.864000
89.396825 58.754098 20.992000
105.244444 80.786885 66.560000
101.993651 37.770492 89.600000
51.200000 79.737705 28.160000
106.869841 50.360656 90.624000
101.180952 59.803279 96.256000
17.066667 38.819672 49.152000
45.917460 73.442623 37.888000
83.301587 67.147541 83.968000
106.463492 70.295082 65.536000
33.726984 52.459016 52.224000
34.133333 34.622951 92.672000
24.787302 48.262295 44.032000
29.663492 93.377049 74.240000
43.073016 97.573770 86.528000
31.695238 39.868852 96.256000
16.660317 38.819672 50.176000
80.050794 98.622951 75.776000
97.117460 65.049180 102.912000
36.165079 76.590164 81.920000
104.838095 41.967213 102.400000
87.771429 55.606557 27.136000
58.107937 57.704918 21.504000
95.085714 73.442623 102.912000
57.701587 58.754098 23.552000
77.206349 31.475410 93.184000
54.857143 75.540984 80.896000
21.536508 41.967213 57.856000
22.349206 64.000000 78.336000
35.758730 80.786885 52.736000
52.419048 33.573770 79.872000
106.869841 65.049180 87.040000
101.587302 53.508197 93.184000
89.396825 93.377049 60.928000
107.682540 35.672131 85.504000
84.520635 94.426230 90.112000
31.695238 82.885246 88.576000
43.479365 75.540984 95.744000
39.822222 92.327869 78.336000
53.638095 68.196721 30.720000
18.692063 44.065574 82.432000
78.019048 92.327869 77.824000
24.380952 45.114754 84.992000
76.393651 96.524590 62.464000
26.006349 49.311475 102.912000
82.895238 77.639344 95.744000
19.911111 35.672131 88.576000
91.428571 88.131148 70.656000
78.425397 107.016393 65.024000
95.085714 52.459016 32.256000
29.257143 69.245902 44.032000
49.574603 67.147541 110.080000
33.726984 69.245902 95.232000
89.396825 43.016393 99.840000
85.739683 101.770492 69.120000
44.698413 54.557377 34.816000
44.292063 37.770492 103.424000
52.419048 99.672131 82.944000
25.193651 45.114754 50.176000
21.942857 49.311475 96.768000
81.269841 86.032787 87.552000
30.476190 83.934426 72.704000
52.825397 84.983607 78.336000
37.384127 83.934426 67.584000
87.365079 57.704918 28.160000
46.730159 70.295082 83.968000
45.104762 69.245902 107.008000
49.980952 39.868852 91.648000
86.146032 96.524590 62.464000
94.679365 73.442623 41.984000
50.387302 92.327869 78.336000
67.047619 73.442623 25.088000
28.444444 83.934426 75.776000
91.834921 51.409836 27.648000
79.238095 99.672131 55.808000
45.511111 53.508197 56.320000
54.857143 48.262295 97.792000
82.488889 65.049180 34.304000
85.333333 52.459016 24.576000
92.241270 67.147541 90.112000
52.419048 60.852459 23.040000
103.212698 70.295082 53.760000
69.485714 57.704918 20.992000
83.707937 55.606557 102.400000
31.695238 47.213115 24.064000
56.888889 62.950820 22.528000
86.146032 83.934426 97.280000
100.774603 65.049180 39.936000
44.698413 72.393443 35.840000
