84.926984 91.278689 53.248000
92.241270 66.098361 94.208000
107.276190 39.868852 74.752000
89.396825 58.754098 50.688000
51.200000 78.688525 81.920000
32.507937 84.983607 42.496000
84.520635 55.606557 101.376000
37.384127 51.409836 61.952000
38.603175 64.000000 105.472000
89.396825 79.737705 91.136000
89.803175 59.803279 20.992000
105.650794 79.737705 68.096000
101.993651 36.721311 89.088000
81.269841 64.000000 29.184000
97.117460 55.606557 70.144000
51.606349 79.737705 27.648000
47.542857 88.131148 94.720000
89.803175 56.655738 104.960000
35.352381 95.475410 89.600000
81.676190 84.983607 72.192000
108.088889 44.065574 91.136000
94.679365 90.229508 50.176000
54.044444 52.459016 78.848000
101.180952 58.754098 96.256000
17.066667 33.573770 45.568000
41.853968 86.032787 34.816000
46.323810 73.442623 36.352000
95.492063 89.180328 74.240000
83.301587 67.147541 86.016000
106.057143 69.245902 66.048000
33.320635 52.459016 51.200000
82.488889 80.786885 41.984000
34.133333 34.622951 91.136000
106.463492 35.672131 87.040000
24.380952 47.213115 43.520000
29.663492 93.377049 73.728000
102.806349 68.196721 85.504000
104.431746 82.885246 62.464000
43.073016 97.573770 86.016000
31.695238 38.819672 95.744000
16.660317 38.819672 49.152000
80.050794 97.573770 75.264000
97.117460 64.000000 101.888000
36.165079 76.590164 81.920000
73.955556 84.983607 38.912000
27.631746 75.540984 57.344000
105.244444 54.557377 96.256000
88.177778 57.704918 28.672000
58.514286 57.704918 21.504000
90.615873 73.442623 26.624000
95.085714 64.000000 84.992000
95.492063 71.344262 103.424000
58.107937 58.754098 23.552000
77.612698 31.475410 93.184000
92.241270 34.622951 90.112000
81.269841 43.016393 97.280000
55.669841 74.491803 80.384000
21.536508 41.967213 56.832000
22.349206 64.000000 78.336000
24.380952 41.967213 87.040000
40.228571 92.327869 59.392000
35.758730 80.786885 52.224000
52.419048 32.524590 79.360000
107.682540 62.950820 87.040000
101.993651 52.459016 93.696000
96.711111 71.344262 103.424000
89.803175 92.327869 60.928000
108.088889 34.622951 85.504000
85.739683 91.278689 92.160000
32.101587 81.836066 88.576000
45.511111 38.819672 96.768000
43.479365 74.491803 95.744000
94.679365 51.409836 42.496000
39.822222 92.327869 77.824000
82.895238 66.098361 33.280000
