85.739683 91.278689 54.272000
91.834921 61.901639 95.232000
107.682540 34.622951 73.216000
90.209524 57.704918 52.224000
52.012698 76.590164 81.920000
31.695238 84.983607 42.496000
84.520635 50.360656 100.864000
37.790476 49.311475 61.952000
38.196825 59.803279 107.008000
90.209524 75.540984 94.208000
91.428571 59.803279 21.504000
106.057143 77.639344 70.144000
101.993651 30.426230 88.576000
79.644444 60.852459 26.112000
97.523810 52.459016 71.168000
51.606349 80.786885 27.136000
47.949206 86.032787 94.720000
89.396825 49.311475 104.960000
35.352381 94.426230 91.136000
82.082540 82.885246 74.240000
106.869841 43.016393 91.648000
95.898413 89.180328 51.712000
54.450794 49.311475 77.312000
101.180952 51.409836 98.304000
14.222222 30.426230 48.640000
41.447619 86.032787 34.304000
46.323810 73.442623 36.352000
95.898413 87.081967 76.800000
83.301587 62.950820 86.016000
107.276190 66.098361 69.120000
33.726984 50.360656 51.712000
83.301587 80.786885 43.008000
34.133333 30.426230 89.088000
106.463492 29.377049 87.040000
24.380952 45.114754 43.520000
28.850794 92.327869 74.752000
103.212698 64.000000 88.064000
105.244444 80.786885 65.024000
43.479365 96.524590 86.528000
31.288889 34.622951 94.720000
15.847619 36.721311 48.640000
80.863492 96.524590 77.824000
97.523810 55.606557 105.472000
36.165079 75.540984 82.432000
75.174603 84.983607 39.424000
27.631746 74.491803 58.368000
105.650794 48.262295 97.280000
88.990476 55.606557 27.648000
58.920635 57.704918 20.992000
92.241270 73.442623 27.648000
94.273016 57.704918 86.016000
92.647619 66.098361 104.448000
58.107937 59.803279 23.552000
77.612698 26.229508 90.112000
92.241270 28.327869 88.064000
81.269841 38.819672 96.256000
56.482540 73.442623 79.872000
21.536508 40.918033 56.832000
22.349206 61.901639 79.360000
23.974603 38.819672 86.016000
40.228571 92.327869 58.880000
35.758730 80.786885 52.224000
53.231746 29.377049 75.264000
107.682540 57.704918 90.112000
101.993651 45.114754 94.208000
96.711111 66.098361 106.496000
91.834921 92.327869 62.464000
108.088889 28.327869 85.504000
86.146032 87.081967 95.744000
32.101587 80.786885 90.112000
45.511111 34.622951 94.720000
45.104762 72.393443 96.256000
95.492063 49.311475 43.520000
39.822222 91.278689 77.824000
84.114286 66.098361 34.304000
