86.552381 90.229508 54.784000
91.834921 58.754098 95.744000
107.682540 31.475410 75.264000
90.615873 55.606557 52.224000
52.419048 75.540984 81.920000
30.882540 84.983607 42.496000
84.520635 47.213115 100.864000
37.790476 47.213115 61.952000
37.384127 53.508197 108.032000
89.803175 71.344262 95.232000
91.834921 59.803279 21.504000
106.869841 75.540984 71.680000
101.993651 27.278689 88.576000
79.644444 60.852459 25.600000
97.523810 49.311475 71.680000
51.200000 81.836066 26.624000
48.761905 83.934426 95.744000
89.396825 47.213115 104.960000
35.352381 93.377049 92.672000
82.082540 81.836066 74.752000
107.276190 38.819672 92.160000
97.117460 89.180328 52.736000
54.044444 47.213115 76.800000
101.587302 48.262295 98.816000
14.222222 30.426230 49.152000
40.634921 87.081967 34.304000
45.917460 74.491803 35.840000
95.898413 84.983607 77.824000
82.895238 60.852459 86.528000
107.276190 64.000000 70.656000
33.320635 49.311475 52.224000
83.707937 80.786885 42.496000
33.726984 27.278689 88.064000
106.869841 26.229508 87.040000
23.568254 44.065574 45.056000
28.038095 91.278689 75.776000
103.619048 60.852459 89.600000
105.244444 78.688525 65.536000
43.479365 95.475410 87.552000
31.288889 30.426230 93.696000
15.441270 33.573770 50.688000
81.269841 95.475410 78.336000
97.117460 52.459016 105.984000
36.571429 72.393443 83.968000
75.580952 84.983607 39.424000
26.819048 73.442623 58.880000
105.650794 46.163934 98.304000
88.990476 55.606557 27.648000
58.920635 58.754098 20.480000
93.460317 73.442623 28.160000
95.492063 55.606557 88.064000
95.085714 62.950820 107.008000
58.107937 60.852459 23.040000
77.206349 24.131148 88.576000
91.834921 26.229508 87.552000
81.269841 34.622951 94.720000
57.295238 70.295082 79.872000
20.723810 37.770492 59.392000
22.349206 59.803279 81.408000
23.161905 33.573770 85.504000
39.415873 92.327869 59.392000
34.946032 80.786885 52.736000
54.044444 26.229508 72.192000
108.088889 53.508197 91.648000
101.993651 43.016393 94.208000
96.711111 61.901639 108.544000
92.241270 91.278689 62.976000
108.495238 26.229508 85.504000
86.552381 83.934426 97.280000
32.101587 78.688525 91.648000
45.511111 31.475410 93.696000
46.323810 69.245902 97.280000
95.492063 48.262295 43.520000
39.822222 90.229508 78.848000
84.520635 66.098361 34.304000
