86.552381 90.229508 54.272000
91.834921 57.704918 96.256000
107.682540 31.475410 75.264000
90.209524 55.606557 52.736000
52.419048 75.540984 81.920000
30.476190 84.983607 42.496000
84.520635 46.163934 100.352000
37.790476 46.163934 62.976000
37.384127 53.508197 108.032000
89.803175 71.344262 95.744000
91.834921 59.803279 21.504000
106.869841 75.540984 71.680000
101.993651 27.278689 88.576000
79.644444 60.852459 25.088000
97.523810 48.262295 72.192000
51.200000 81.836066 26.112000
48.761905 83.934426 95.744000
89.396825 45.114754 104.960000
35.352381 93.377049 92.672000
82.082540 81.836066 74.752000
107.276190 38.819672 92.160000
97.117460 89.180328 52.224000
54.857143 45.114754 76.288000
101.587302 47.213115 99.328000
14.222222 29.377049 49.152000
40.634921 87.081967 34.304000
45.511111 74.491803 35.840000
96.304762 84.983607 78.336000
82.895238 59.803279 86.016000
107.276190 64.000000 70.656000
33.320635 48.262295 53.248000
83.707937 80.786885 42.496000
33.726984 25.180328 87.040000
106.869841 26.229508 87.040000
23.568254 43.016393 45.568000
28.444444 91.278689 76.288000
103.619048 60.852459 90.112000
105.650794 78.688525 65.536000
43.479365 95.475410 87.552000
30.882540 29.377049 93.184000
15.441270 33.573770 50.688000
81.269841 95.475410 78.336000
97.117460 52.459016 105.984000
36.571429 72.393443 83.968000
75.580952 84.983607 38.912000
26.412698 73.442623 59.392000
105.650794 44.065574 98.304000
88.990476 55.606557 27.648000
58.514286 58.754098 19.968000
93.460317 73.442623 27.648000
95.492063 55.606557 88.576000
95.085714 62.950820 107.520000
58.107937 60.852459 22.528000
77.206349 23.081967 88.064000
91.834921 25.180328 87.552000
81.269841 34.622951 94.720000
57.295238 70.295082 79.872000
20.723810 37.770492 59.392000
22.349206 58.754098 82.432000
23.161905 33.573770 85.504000
39.415873 92.327869 59.392000
34.946032 80.786885 52.736000
53.638095 25.180328 72.192000
108.088889 53.508197 92.160000
101.993651 41.967213 94.208000
96.711111 61.901639 108.544000
92.241270 91.278689 62.976000
108.495238 25.180328 85.504000
86.552381 83.934426 97.280000
32.101587 78.688525 91.648000
45.511111 29.377049 92.672000
46.323810 68.196721 97.792000
95.492063 47.213115 43.520000
39.822222 90.229508 78.848000
84.114286 66.098361 34.304000
