38.196825 46.163934 103.936000
100.368254 35.672131 94.720000
17.066667 47.213115 67.584000
33.320635 34.622951 100.352000
101.993651 62.950820 66.048000
30.476190 84.983607 42.496000
98.742857 86.032787 78.848000
26.412698 73.442623 59.392000
108.901587 29.377049 91.136000
39.009524 28.327869 111.616000
96.304762 59.803279 57.344000
81.676190 27.278689 93.696000
41.853968 78.688525 49.152000
97.523810 48.262295 72.192000
78.425397 58.754098 86.016000
93.866667 84.983607 38.400000
29.257143 34.622951 37.376000
47.542857 48.262295 51.712000
100.368254 28.327869 89.088000
55.263492 59.803279 98.816000
25.193651 65.049180 73.216000
55.669841 41.967213 89.600000
20.723810 31.475410 79.360000
107.682540 57.704918 59.904000
48.355556 50.360656 104.448000
84.520635 51.409836 104.448000
97.117460 89.180328 52.224000
91.834921 25.180328 87.552000
29.257143 54.557377 37.376000
81.269841 34.622951 94.720000
83.301587 83.934426 41.472000
99.149206 46.163934 94.720000
58.514286 56.655738 17.408000
48.761905 100.721311 78.848000
32.101587 30.426230 71.680000
93.053968 75.540984 99.328000
33.320635 82.885246 68.096000
51.200000 90.229508 78.848000
44.698413 50.360656 59.392000
95.898413 48.262295 88.576000
34.133333 55.606557 45.568000
105.650794 78.688525 65.536000
80.863492 82.885246 24.064000
92.241270 60.852459 86.528000
108.901587 54.557377 82.432000
44.292063 51.409836 24.064000
51.200000 61.901639 31.232000
101.180952 57.704918 91.648000
73.955556 71.344262 21.504000
45.511111 29.377049 92.672000
41.853968 76.590164 46.592000
51.200000 95.475410 67.072000
27.631746 68.196721 44.544000
107.276190 32.524590 50.688000
28.444444 51.409836 69.632000
23.974603 49.311475 72.704000
99.149206 76.590164 52.736000
95.492063 55.606557 88.576000
101.587302 36.721311 86.528000
96.711111 46.163934 61.440000
89.803175 71.344262 95.744000
79.644444 45.114754 81.920000
32.507937 44.065574 33.792000
34.133333 88.131148 78.336000
52.825397 32.524590 73.216000
79.644444 94.426230 69.632000
24.380952 30.426230 105.984000
89.803175 35.672131 107.008000
30.882540 65.049180 39.936000
79.644444 79.737705 29.184000
96.711111 94.426230 80.384000
54.857143 45.114754 76.288000
21.536508 72.393443 74.752000
45.917460 33.573770 108.544000
109.714286 39.868852 79.872000
99.149206 70.295082 73.216000
37.384127 62.950820 102.400000
44.698413 59.803279 27.648000
74.361905 74.491803 24.576000
98.742857 49.311475 30.720000
92.241270 55.606557 59.392000
105.650794 79.737705 65.536000
103.212698 37.770492 79.360000
49.168254 96.524590 87.552000
107.276190 48.262295 83.968000
97.930159 39.868852 59.392000
26.412698 74.491803 91.136000
106.869841 26.229508 87.040000
23.974603 66.098361 46.592000
78.831746 61.901639 26.624000
52.012698 56.655738 98.816000
52.825397 51.409836 92.672000
97.930159 81.836066 71.680000
35.352381 93.377049 92.672000
80.863492 78.688525 72.704000
94.273016 56.655738 40.448000
89.396825 45.114754 104.960000
93.460317 73.442623 27.648000
52.419048 24.131148 66.560000
108.495238 33.573770 55.296000
78.019048 82.885246 94.208000
112.152381 48.262295 80.384000
80.457143 28.327869 85.504000
42.260317 48.262295 81.920000
107.682540 49.311475 83.456000
37.790476 46.163934 62.976000
20.723810 39.868852 86.528000
40.634921 87.081967 34.304000
31.695238 46.163934 108.032000
48.761905 83.934426 95.744000
101.180952 34.622951 63.488000
51.200000 69.245902 83.968000
27.631746 72.393443 67.584000
28.444444 86.032787 51.200000
90.209524 69.245902 48.128000
26.819048 41.967213 53.760000
20.317460 64.000000 67.584000
99.555556 75.540984 53.248000
42.666667 87.081967 50.688000
46.730159 93.377049 79.872000
57.295238 74.491803 86.528000
37.790476 79.737705 76.288000
96.304762 84.983607 78.336000
74.768254 86.032787 38.400000
104.025397 35.672131 52.224000
104.025397 30.426230 47.616000
54.450794 78.688525 66.560000
23.568254 35.672131 38.400000
39.415873 92.327869 59.392000
44.292063 39.868852 92.672000
43.479365 49.311475 112.128000
85.333333 89.180328 53.248000
91.834921 90.229508 79.360000
33.320635 87.081967 81.408000
82.082540 81.836066 74.752000
86.146032 30.426230 108.032000
110.120635 29.377049 70.656000
96.711111 69.245902 98.304000
86.552381 90.229508 54.272000
46.323810 77.639344 50.688000
48.761905 94.426230 79.872000
79.238095 46.163934 100.352000
83.707937 80.786885 42.496000
107.682540 31.475410 75.264000
40.634921 58.754098 47.104000
79.644444 60.852459 25.088000
42.260317 52.459016 29.184000
82.488889 78.688525 91.136000
41.447619 51.409836 87.552000
23.161905 33.573770 85.504000
104.838095 56.655738 78.336000
82.082540 64.000000 29.184000
84.520635 52.459016 98.816000
51.200000 82.885246 26.112000
106.463492 43.016393 96.256000
97.117460 76.590164 80.896000
95.085714 76.590164 99.328000
96.711111 61.901639 108.544000
84.114286 91.278689 55.296000
43.885714 47.213115 115.712000
97.930159 74.491803 54.272000
105.650794 31.475410 54.784000
98.336508 38.819672 66.560000
95.085714 64.000000 101.888000
23.568254 68.196721 56.832000
27.631746 73.442623 67.072000
105.650794 44.065574 98.304000
86.552381 79.737705 73.728000
44.292063 43.016393 114.688000
95.492063 47.213115 43.520000
110.933333 33.573770 64.512000
23.974603 32.524590 101.888000
37.384127 83.934426 96.256000
102.806349 73.442623 93.696000
52.419048 26.229508 88.064000
93.053968 87.081967 56.320000
87.771429 68.196721 62.976000
88.584127 54.557377 51.200000
110.526984 45.114754 59.392000
31.695238 84.983607 74.752000
75.580952 84.983607 38.912000
85.333333 76.590164 29.184000
51.606349 87.081967 59.904000
90.209524 43.016393 70.144000
21.536508 52.459016 79.872000
86.958730 29.377049 100.864000
36.977778 80.786885 34.816000
52.419048 75.540984 81.920000
85.739683 51.409836 22.016000
70.298413 88.131148 30.208000
82.488889 24.131148 95.744000
80.457143 72.393443 27.648000
93.460317 37.770492 85.504000
105.244444 44.065574 65.536000
83.707937 37.770492 90.624000
76.800000 96.524590 72.192000
37.384127 53.508197 108.032000
86.958730 77.639344 29.184000
92.647619 53.508197 21.504000
103.619048 60.852459 90.112000
43.479365 76.590164 62.976000
34.539683 79.737705 44.544000
78.425397 65.049180 98.304000
101.587302 40.918033 98.304000
97.117460 47.213115 74.240000
105.650794 69.245902 78.848000
99.961905 37.770492 67.072000
80.863492 53.508197 86.528000
91.834921 57.704918 96.256000
90.209524 55.606557 52.736000
84.520635 46.163934 100.352000
91.834921 59.803279 21.504000
106.869841 75.540984 71.680000
101.993651 27.278689 88.576000
51.200000 81.836066 26.112000
107.276190 38.819672 92.160000
101.587302 47.213115 99.328000
14.222222 29.377049 49.152000
45.511111 74.491803 35.840000
82.895238 59.803279 86.016000
107.276190 64.000000 70.656000
33.320635 48.262295 53.248000
33.726984 25.180328 87.040000
23.568254 43.016393 45.568000
28.444444 91.278689 76.288000
43.479365 95.475410 87.552000
30.882540 29.377049 93.184000
15.441270 33.573770 50.688000
81.269841 95.475410 78.336000
97.117460 52.459016 105.984000
36.571429 72.393443 83.968000
104.838095 30.426230 101.888000
88.990476 55.606557 27.648000
58.514286 58.754098 19.968000
95.085714 62.950820 107.520000
58.107937 60.852459 22.528000
77.206349 23.081967 88.064000
57.295238 70.295082 79.872000
20.723810 37.770492 59.392000
22.349206 58.754098 82.432000
34.946032 80.786885 52.736000
53.638095 25.180328 72.192000
108.088889 53.508197 92.160000
101.993651 41.967213 94.208000
92.241270 91.278689 62.976000
108.495238 25.180328 85.504000
86.552381 83.934426 97.280000
32.101587 78.688525 91.648000
46.323810 68.196721 97.792000
39.822222 90.229508 78.848000
54.044444 69.245902 29.184000
16.660317 36.721311 80.896000
78.425397 89.180328 80.896000
23.161905 35.672131 82.432000
77.612698 95.475410 62.976000
23.568254 37.770492 101.888000
82.488889 68.196721 99.328000
17.879365 27.278689 86.016000
92.647619 83.934426 74.752000
79.644444 107.016393 65.536000
95.898413 51.409836 33.792000
27.631746 67.147541 44.544000
49.168254 55.606557 113.664000
34.946032 61.901639 98.304000
89.396825 32.524590 98.304000
87.771429 100.721311 70.656000
43.885714 53.508197 34.304000
43.885714 27.278689 99.328000
52.825397 98.622951 82.944000
24.380952 39.868852 52.224000
19.504762 38.819672 95.744000
82.082540 77.639344 92.160000
29.663492 81.836066 74.752000
53.638095 82.885246 77.824000
37.384127 81.836066 68.608000
88.990476 57.704918 29.184000
49.168254 65.049180 84.480000
44.698413 57.704918 110.080000
49.980952 30.426230 86.528000
88.177778 95.475410 64.000000
97.523810 72.393443 44.032000
51.606349 89.180328 77.312000
68.266667 75.540984 23.040000
28.038095 80.786885 77.824000
93.053968 50.360656 28.160000
80.457143 99.672131 55.808000
45.917460 49.311475 55.296000
54.857143 37.770492 94.208000
84.114286 65.049180 35.328000
86.146032 52.459016 24.576000
92.241270 56.655738 94.208000
52.012698 62.950820 21.504000
104.838095 66.098361 57.856000
70.298413 59.803279 19.456000
83.301587 44.065574 101.376000
30.476190 45.114754 25.600000
57.295238 65.049180 20.992000
86.146032 73.442623 103.424000
103.212698 61.901639 43.008000
43.885714 73.442623 34.816000
