84.520635 91.278689 53.248000
91.834921 68.196721 92.672000
106.869841 39.868852 75.264000
89.396825 59.803279 50.688000
51.200000 78.688525 82.432000
32.507937 84.983607 42.496000
84.520635 57.704918 100.864000
37.384127 52.459016 62.464000
38.196825 65.049180 105.472000
88.990476 80.786885 90.624000
89.396825 58.754098 20.992000
105.244444 80.786885 66.560000
101.993651 37.770492 89.600000
78.831746 59.803279 25.088000
97.117460 55.606557 70.144000
51.200000 79.737705 28.160000
47.542857 88.131148 94.720000
89.803175 57.704918 104.960000
34.946032 95.475410 90.112000
81.269841 84.983607 71.680000
106.869841 50.360656 90.624000
94.273016 90.229508 50.176000
54.450794 52.459016 78.848000
101.180952 59.803279 96.256000
17.066667 38.819672 49.152000
41.853968 86.032787 35.328000
45.917460 73.442623 37.888000
95.492063 90.229508 73.216000
83.301587 67.147541 83.968000
106.463492 70.295082 65.536000
33.726984 52.459016 52.224000
81.269841 80.786885 41.984000
34.133333 34.622951 92.672000
106.057143 36.721311 87.552000
24.787302 48.262295 44.032000
29.663492 93.377049 74.240000
102.806349 70.295082 84.992000
103.619048 82.885246 60.928000
43.073016 97.573770 86.528000
31.695238 39.868852 96.256000
16.660317 38.819672 50.176000
80.050794 98.622951 75.776000
97.117460 65.049180 102.912000
36.165079 76.590164 81.920000
73.955556 83.934426 39.424000
27.631746 75.540984 57.856000
104.838095 56.655738 95.744000
87.771429 55.606557 27.136000
58.107937 57.704918 21.504000
90.209524 73.442623 26.624000
95.085714 66.098361 84.992000
95.085714 73.442623 102.912000
57.701587 58.754098 23.552000
77.206349 31.475410 93.184000
91.834921 35.672131 90.112000
81.269841 45.114754 97.792000
54.857143 75.540984 80.896000
21.536508 41.967213 57.856000
22.349206 64.000000 78.336000
24.787302 43.016393 87.552000
40.228571 92.327869 59.904000
35.758730 80.786885 52.736000
52.419048 33.573770 79.872000
106.869841 65.049180 87.040000
101.587302 53.508197 93.184000
95.085714 73.442623 102.912000
89.396825 93.377049 60.928000
107.682540 35.672131 85.504000
84.520635 94.426230 90.112000
31.695238 82.885246 88.576000
45.511111 39.868852 96.768000
43.479365 75.540984 95.744000
94.679365 52.459016 43.008000
39.822222 92.327869 78.336000
82.488889 66.098361 33.792000
