85.739683 91.278689 53.760000
92.241270 65.049180 94.208000
106.869841 36.721311 74.240000
89.396825 58.754098 51.712000
51.606349 77.639344 81.920000
32.101587 84.983607 41.984000
84.520635 54.557377 100.864000
37.790476 50.360656 61.440000
38.603175 62.950820 105.984000
89.803175 77.639344 92.160000
90.615873 59.803279 20.992000
105.650794 78.688525 69.120000
101.993651 35.672131 88.576000
79.238095 59.803279 24.576000
97.523810 53.508197 70.144000
51.606349 80.786885 27.136000
47.949206 87.081967 94.720000
89.396825 53.508197 104.960000
35.352381 95.475410 90.624000
82.082540 83.934426 73.728000
106.869841 47.213115 90.624000
95.492063 90.229508 50.688000
54.450794 51.409836 77.824000
101.587302 55.606557 97.280000
15.034921 32.524590 47.616000
41.853968 86.032787 34.816000
46.323810 73.442623 36.352000
95.492063 89.180328 75.264000
82.488889 64.000000 82.944000
107.276190 67.147541 67.072000
33.726984 51.409836 51.200000
82.895238 80.786885 42.496000
34.133333 33.573770 90.112000
106.463492 34.622951 86.528000
24.380952 46.163934 43.520000
29.257143 92.327869 73.728000
101.180952 66.098361 87.552000
104.838095 81.836066 64.000000
43.479365 97.573770 86.528000
31.288889 37.770492 95.232000
16.253968 37.770492 48.640000
80.457143 97.573770 76.800000
97.117460 61.901639 103.424000
36.571429 75.540984 82.432000
74.768254 84.983607 38.912000
27.631746 74.491803 58.368000
105.650794 52.459016 96.768000
88.177778 55.606557 27.136000
58.514286 57.704918 21.504000
91.428571 73.442623 27.648000
95.492063 62.950820 86.016000
95.492063 69.245902 104.448000
58.107937 59.803279 23.552000
77.612698 29.377049 92.160000
91.834921 32.524590 89.088000
81.269841 41.967213 96.768000
56.076190 73.442623 80.384000
21.536508 40.918033 56.320000
22.349206 62.950820 78.848000
23.974603 40.918033 86.528000
40.228571 92.327869 58.880000
35.758730 80.786885 52.224000
52.825397 31.475410 77.824000
107.682540 60.852459 88.576000
101.993651 50.360656 94.208000
97.117460 68.196721 104.960000
91.022222 92.327869 61.952000
108.088889 32.524590 85.504000
86.146032 89.180328 94.208000
32.101587 81.836066 89.600000
45.511111 37.770492 95.744000
44.292063 74.491803 95.744000
95.085714 50.360656 43.008000
39.822222 92.327869 77.824000
83.707937 66.098361 34.304000
