48.716418 58.482759 83.277108
106.507463 77.241379 64.771084
82.149254 54.068966 90.987952
106.029851 67.310345 55.518072
34.388060 78.344828 107.437751
78.328358 61.793103 105.895582
100.298507 57.379310 94.586345
25.791045 49.655172 66.827309
82.149254 118.068966 85.847390
100.776119 57.379310 88.931727
82.149254 75.034483 111.550201
41.552239 49.655172 67.855422
82.626866 78.344828 39.582329
43.940299 81.655172 105.381526
27.223881 59.586207 44.722892
95.044776 98.206897 87.389558
95.044776 82.758621 105.381526
92.656716 56.275862 105.381526
29.611940 77.241379 81.734940
104.597015 58.482759 84.819277
36.298507 64.000000 109.493976
101.731343 76.137931 82.248996
97.432836 96.000000 65.799197
38.686567 69.517241 107.437751
35.820896 107.034483 68.369478
57.791045 70.620690 35.983936
44.417910 67.310345 32.385542
91.701493 66.206897 89.445783
41.074627 50.758621 19.020080
104.597015 48.551724 88.931727
43.462687 64.000000 104.867470
55.880597 73.931034 38.040161
86.925373 113.655172 92.016064
92.656716 104.827586 86.875502
30.567164 58.482759 104.353414
79.283582 81.655172 41.124498
45.373134 99.310345 66.313253
77.850746 78.344828 108.979920
35.343284 75.034483 106.923695
82.149254 111.448276 97.670683
106.507463 72.827586 70.425703
81.671642 91.586207 110.522088
41.552239 109.241379 70.425703
95.522388 83.862069 93.558233
96.000000 99.310345 70.425703
81.194030 105.931034 80.192771
31.044776 100.413793 97.670683
44.895522 103.724138 90.473896
99.343284 100.413793 89.959839
42.029851 110.344828 86.875502
37.731343 70.620690 47.807229
100.776119 94.896552 74.538153
44.895522 77.241379 34.441767
100.776119 81.655172 85.847390
28.179104 79.448276 86.875502
39.164179 82.758621 55.518072
80.716418 104.827586 70.425703
77.373134 82.758621 108.979920
43.462687 58.482759 71.967871
83.582090 56.275862 112.578313
47.283582 94.896552 87.389558
48.716418 99.310345 75.566265
95.522388 76.137931 44.722892
106.029851 71.724138 55.518072
35.820896 84.965517 49.863454
27.701493 55.172414 98.698795
44.895522 105.931034 72.481928
36.298507 104.827586 90.473896
81.671642 102.620690 80.192771
103.641791 72.827586 87.389558
35.820896 109.241379 79.164659
101.731343 54.068966 94.586345
91.223881 65.103448 105.895582
51.104478 62.896552 29.301205
92.656716 108.137931 76.594378
