48.716418 52.965517 81.734940
106.507463 76.137931 63.228916
80.716418 47.448276 87.389558
105.552239 65.103448 55.518072
34.388060 73.931034 108.465863
78.328358 56.275862 104.353414
101.731343 50.758621 95.614458
26.746269 41.931034 63.228916
82.149254 118.068966 85.847390
100.298507 51.862069 86.361446
82.149254 71.724138 111.550201
42.029851 41.931034 64.257028
81.671642 77.241379 38.554217
43.940299 80.551724 105.895582
27.223881 56.275862 44.722892
95.044776 97.103448 87.389558
95.044776 79.448276 105.895582
92.656716 49.655172 104.353414
30.089552 75.034483 82.248996
104.119403 52.965517 82.763052
32.477612 61.793103 109.493976
101.253731 73.931034 81.734940
98.388060 96.000000 65.285141
38.686567 67.310345 108.979920
35.343284 107.034483 68.883534
58.746269 70.620690 37.012048
44.895522 67.310345 33.413655
91.223881 61.793103 89.445783
42.029851 49.655172 19.020080
105.552239 43.034483 86.875502
42.985075 58.482759 105.895582
56.835821 73.931034 39.068273
87.402985 113.655172 91.502008
93.134328 104.827586 87.389558
30.567164 51.862069 102.811245
78.328358 80.551724 40.096386
45.373134 99.310345 66.827309
76.895522 76.137931 109.493976
35.343284 70.620690 107.951807
82.149254 111.448276 97.670683
106.029851 71.724138 70.425703
81.671642 88.275862 111.550201
41.074627 109.241379 70.939759
94.567164 80.551724 95.100402
96.477612 99.310345 69.911647
81.194030 104.827586 80.706827
31.522388 99.310345 98.184739
44.895522 102.620690 90.987952
99.820896 100.413793 90.473896
41.552239 110.344828 87.389558
37.731343 69.517241 48.835341
101.253731 93.793103 74.538153
45.373134 77.241379 34.441767
100.298507 79.448276 85.333333
28.656716 77.241379 87.389558
39.164179 82.758621 55.518072
80.238806 104.827586 70.939759
76.895522 80.551724 109.493976
43.940299 52.965517 70.425703
84.059701 50.758621 112.064257
47.283582 93.793103 87.389558
49.194030 99.310345 75.566265
95.044776 75.034483 43.694779
106.029851 69.517241 55.518072
35.343284 84.965517 49.863454
26.746269 45.241379 96.128514
43.940299 105.931034 73.510040
36.298507 103.724138 91.502008
81.194030 101.517241 80.192771
103.164179 70.620690 87.389558
35.343284 109.241379 80.192771
102.686567 47.448276 92.530120
91.223881 61.793103 107.437751
51.582090 61.793103 29.815261
92.656716 108.137931 76.594378
