78.328358 61.793103 106.409639
77.850746 55.172414 108.465863
89.791045 105.931034 93.558233
20.537313 58.482759 90.987952
28.179104 76.137931 104.353414
75.462687 107.034483 94.586345
80.716418 94.896552 59.630522
35.820896 81.655172 102.811245
79.283582 51.862069 105.895582
41.552239 56.275862 108.465863
81.194030 103.724138 76.594378
44.895522 48.551724 21.590361
91.701493 52.965517 94.072289
93.611940 81.655172 60.144578
29.611940 59.586207 29.301205
36.776119 103.724138 90.987952
80.238806 88.275862 110.008032
37.731343 59.586207 108.465863
29.611940 59.586207 29.815261
41.074627 70.620690 48.835341
77.373134 110.344828 93.044177
49.194030 59.586207 83.791165
73.552239 54.068966 101.269076
25.791045 72.827586 101.269076
48.238806 66.206897 88.931727
34.865672 67.310345 87.389558
104.597015 88.275862 82.248996
33.910448 73.931034 92.530120
28.656716 102.620690 81.220884
46.328358 70.620690 94.072289
81.671642 111.448276 97.670683
43.940299 94.896552 60.658635
51.104478 110.344828 76.594378
23.880597 62.896552 80.192771
106.507463 68.413793 56.032129
92.656716 91.586207 55.004016
17.194030 55.172414 77.622490
30.089552 83.862069 47.293173
96.955224 88.275862 68.369478
27.223881 59.586207 28.273092
18.626866 60.689655 44.208835
91.223881 100.413793 64.257028
77.373134 83.862069 108.979920
39.164179 82.758621 56.032129
82.149254 73.931034 106.923695
28.179104 70.620690 94.586345
96.000000 65.103448 104.353414
78.328358 102.620690 98.698795
93.134328 105.931034 87.903614
95.044776 82.758621 104.867470
106.029851 51.862069 83.791165
85.970149 90.482759 46.265060
101.731343 77.241379 83.277108
97.432836 99.310345 96.642570
104.119403 64.000000 71.453815
84.059701 96.000000 71.967871
61.134328 79.448276 39.068273
101.731343 68.413793 77.622490
41.074627 52.965517 20.562249
29.134328 103.724138 69.911647
42.985075 102.620690 74.538153
93.611940 96.000000 93.044177
91.223881 60.689655 107.951807
91.701493 97.103448 105.895582
85.014925 61.793103 114.634538
22.925373 97.103448 72.481928
82.149254 54.068966 91.502008
97.432836 91.586207 98.698795
84.059701 100.413793 102.811245
94.089552 97.103448 85.847390
106.985075 75.034483 71.453815
15.761194 83.862069 71.453815
83.582090 91.586207 108.979920
23.880597 61.793103 74.024096
96.955224 80.551724 103.839357
44.417910 52.965517 29.301205
95.522388 93.793103 64.771084
99.343284 64.000000 90.473896
49.194030 89.379310 97.156627
100.298507 78.344828 86.361446
37.253731 108.137931 94.586345
36.298507 109.241379 79.678715
97.432836 79.448276 52.947791
96.477612 64.000000 106.923695
91.223881 104.827586 85.333333
29.611940 76.137931 48.321285
41.552239 81.655172 36.497992
42.029851 113.655172 83.277108
37.253731 91.586207 95.614458
99.820896 102.620690 78.136546
104.119403 92.689655 86.361446
82.626866 78.344828 39.582329
81.671642 102.620690 80.192771
41.552239 77.241379 85.333333
33.432836 96.000000 72.481928
25.791045 72.827586 101.783133
92.179104 65.103448 98.184739
24.358209 84.965517 98.698795
36.298507 107.034483 67.855422
95.044776 98.206897 87.903614
42.029851 102.620690 60.144578
46.328358 57.379310 30.843373
45.850746 77.241379 34.955823
15.761194 45.241379 77.108434
43.462687 109.241379 72.995984
17.194030 86.068966 77.108434
44.895522 105.931034 72.995984
78.805970 115.862069 83.277108
104.597015 62.896552 87.389558
76.417910 61.793103 108.465863
101.253731 58.482759 95.100402
50.149254 108.137931 80.192771
25.791045 87.172414 49.349398
94.567164 96.000000 104.353414
77.373134 87.172414 108.465863
102.686567 55.172414 84.819277
28.656716 100.413793 62.200803
24.835821 102.620690 76.080321
49.671642 104.827586 81.734940
56.358209 73.931034 39.068273
42.985075 59.586207 71.967871
97.910448 72.827586 39.068273
26.746269 80.551724 78.136546
24.358209 98.206897 89.959839
80.716418 105.931034 71.453815
86.447761 100.413793 68.883534
35.820896 86.068966 50.377510
50.149254 109.241379 83.791165
96.955224 56.275862 84.819277
46.805970 49.655172 17.991968
95.522388 83.862069 94.586345
42.985075 91.586207 97.670683
91.701493 57.379310 105.895582
36.298507 90.482759 96.642570
53.492537 104.827586 84.819277
101.253731 62.896552 80.706827
95.044776 88.275862 91.502008
27.223881 97.103448 84.305221
27.701493 88.275862 99.212851
91.223881 103.724138 100.755020
32.000000 50.758621 29.301205
29.134328 75.034483 46.779116
74.029851 111.448276 83.791165
20.537313 98.206897 82.248996
33.432836 65.103448 103.839357
86.925373 113.655172 92.016064
42.029851 110.344828 86.875502
52.537313 102.620690 79.678715
79.283582 72.827586 108.465863
81.194030 66.206897 113.606426
104.597015 73.931034 78.650602
32.477612 91.586207 49.349398
99.820896 101.517241 90.473896
41.074627 66.206897 33.927711
58.268657 71.724138 36.497992
34.388060 107.034483 85.847390
106.029851 62.896552 66.313253
31.522388 86.068966 99.212851
13.850746 83.862069 70.939759
96.477612 92.689655 58.602410
36.776119 81.655172 65.285141
43.940299 83.862069 103.839357
44.417910 87.172414 39.068273
96.477612 62.896552 106.409639
86.925373 81.655172 106.409639
43.940299 55.172414 90.987952
100.298507 57.379310 88.931727
85.014925 77.241379 112.578313
50.149254 100.413793 75.052209
46.805970 92.689655 98.184739
92.179104 98.206897 103.325301
92.179104 59.586207 108.465863
90.746269 98.206897 61.172691
22.447761 56.275862 67.855422
77.373134 50.758621 110.522088
21.492537 87.172414 64.257028
100.776119 76.137931 79.678715
48.716418 73.931034 45.751004
14.805970 67.310345 67.341365
87.880597 99.310345 85.333333
43.940299 105.931034 95.614458
77.850746 86.068966 48.835341
27.223881 59.586207 44.208835
82.149254 111.448276 81.220884
92.179104 66.206897 89.959839
25.791045 76.137931 60.144578
33.910448 98.206897 92.016064
106.507463 83.862069 64.257028
21.014925 54.068966 104.867470
90.268657 80.551724 48.835341
43.940299 97.103448 57.574297
41.074627 71.724138 37.012048
103.164179 88.275862 93.044177
42.029851 90.482759 88.931727
25.313433 51.862069 68.369478
78.328358 111.448276 74.538153
29.611940 59.586207 87.903614
40.119403 59.586207 35.469880
92.656716 107.034483 87.903614
79.761194 67.310345 100.240964
100.776119 80.551724 56.032129
19.104478 66.206897 62.200803
26.268657 90.482759 65.799197
98.865672 100.413793 89.445783
100.776119 82.758621 85.847390
43.462687 83.862069 104.353414
45.850746 72.827586 43.180723
93.611940 75.034483 74.024096
43.462687 61.793103 108.465863
27.223881 66.206897 108.979920
29.134328 60.689655 104.867470
45.373134 111.448276 77.622490
31.522388 68.413793 32.899598
42.507463 110.344828 90.987952
34.865672 108.137931 86.361446
98.865672 65.103448 30.843373
31.044776 68.413793 32.385542
36.776119 80.551724 65.799197
32.477612 52.965517 106.923695
101.253731 84.965517 94.586345
105.074627 86.068966 63.742972
81.194030 104.827586 72.995984
32.477612 102.620690 94.586345
35.820896 66.206897 103.839357
54.447761 86.068966 47.807229
34.865672 77.241379 105.895582
42.985075 93.793103 80.706827
99.820896 48.551724 98.698795
50.149254 87.172414 47.293173
47.283582 48.551724 20.562249
37.253731 57.379310 108.465863
51.104478 62.896552 29.815261
47.283582 94.896552 87.389558
28.656716 77.241379 41.124498
75.462687 68.413793 108.979920
38.686567 75.034483 107.951807
37.253731 100.413793 76.080321
37.253731 45.241379 76.594378
77.373134 79.448276 107.437751
19.582090 56.275862 53.975904
82.626866 71.724138 114.120482
90.746269 101.517241 96.128514
85.014925 83.862069 45.751004
103.641791 49.655172 90.473896
47.283582 55.172414 26.730924
27.223881 88.275862 77.108434
87.402985 84.965517 49.863454
27.701493 82.758621 89.445783
95.522388 76.137931 43.694779
103.641791 88.275862 58.088353
34.388060 80.551724 106.409639
91.701493 93.793103 56.546185
24.358209 94.896552 59.116466
81.671642 90.482759 58.088353
50.149254 105.931034 81.220884
51.582090 54.068966 24.674699
38.208955 112.551724 85.333333
99.820896 87.172414 96.642570
93.134328 92.689655 100.240964
38.208955 100.413793 91.502008
77.850746 108.137931 92.016064
34.865672 79.448276 103.325301
39.164179 70.620690 31.871486
83.582090 108.137931 94.586345
85.014925 92.689655 97.156627
29.134328 64.000000 27.759036
28.179104 48.551724 27.244980
25.791045 91.586207 94.072289
91.701493 107.034483 81.734940
35.343284 96.000000 102.297189
84.059701 103.724138 102.811245
101.253731 94.896552 75.052209
50.149254 83.862069 40.096386
89.313433 70.620690 107.951807
84.537313 93.793103 96.128514
102.686567 70.620690 68.883534
82.149254 115.862069 82.763052
82.149254 90.482759 108.465863
81.671642 118.068966 86.361446
94.567164 82.758621 63.742972
42.985075 67.310345 106.409639
32.477612 90.482759 47.807229
76.417910 61.793103 107.437751
44.895522 100.413793 87.389558
29.134328 78.344828 101.783133
85.970149 107.034483 73.510040
19.104478 68.413793 56.032129
38.208955 71.724138 48.321285
46.328358 100.413793 66.313253
40.119403 84.965517 97.156627
44.895522 68.413793 32.899598
82.149254 76.137931 111.550201
17.194030 79.448276 59.630522
91.701493 59.586207 108.465863
34.865672 79.448276 80.706827
87.402985 82.758621 111.550201
20.537313 50.758621 78.650602
90.746269 99.310345 74.538153
92.179104 108.137931 77.622490
46.805970 88.275862 96.642570
