78.328358 56.275862 104.353414
78.805970 48.551724 106.409639
89.791045 104.827586 93.044177
20.059701 48.551724 88.417671
27.701493 69.517241 105.895582
74.985075 105.931034 94.586345
79.761194 93.793103 58.602410
35.820896 76.137931 104.867470
80.238806 44.137931 103.839357
41.074627 44.137931 106.409639
80.238806 102.620690 76.594378
46.328358 44.137931 19.534137
91.701493 45.241379 89.959839
93.134328 80.551724 59.630522
29.611940 56.275862 28.787149
36.298507 103.724138 91.502008
80.238806 84.965517 110.522088
37.253731 48.551724 106.409639
29.134328 57.379310 29.815261
40.597015 68.413793 49.349398
77.373134 110.344828 93.044177
48.716418 52.965517 81.734940
74.029851 46.344828 98.184739
25.791045 66.206897 102.297189
48.238806 59.586207 88.417671
35.343284 60.689655 87.903614
104.597015 86.068966 80.706827
33.910448 68.413793 94.072289
28.179104 101.517241 81.734940
46.805970 64.000000 94.586345
82.149254 111.448276 97.670683
43.940299 93.793103 60.658635
50.626866 110.344828 77.108434
24.358209 55.172414 78.136546
105.552239 65.103448 55.518072
92.656716 90.482759 52.947791
17.194030 45.241379 72.481928
29.134328 83.862069 47.293173
96.955224 87.172414 66.313253
26.746269 58.482759 28.787149
18.626866 57.379310 45.236948
91.223881 100.413793 63.742972
76.895522 80.551724 109.493976
39.164179 82.758621 55.518072
81.671642 69.517241 106.923695
28.656716 64.000000 96.128514
95.522388 59.586207 103.839357
77.850746 101.517241 98.698795
93.134328 104.827586 87.389558
95.044776 79.448276 105.895582
106.985075 44.137931 80.192771
85.492537 89.379310 44.722892
101.253731 73.931034 81.734940
97.910448 98.206897 96.128514
102.686567 59.586207 70.425703
83.582090 94.896552 71.453815
61.611940 79.448276 39.068273
99.820896 64.000000 76.594378
42.029851 49.655172 19.020080
28.179104 103.724138 70.425703
42.029851 102.620690 75.052209
93.611940 94.896552 92.530120
91.701493 54.068966 106.923695
91.701493 96.000000 106.409639
85.492537 56.275862 115.662651
21.970149 96.000000 72.995984
80.716418 47.448276 87.389558
97.910448 89.379310 97.670683
84.059701 99.310345 103.325301
94.089552 96.000000 85.333333
106.029851 71.724138 70.425703
15.761194 81.655172 72.995984
84.059701 89.379310 109.493976
24.358209 54.068966 70.939759
96.955224 76.137931 104.353414
45.373134 48.551724 27.759036
95.044776 92.689655 63.742972
98.388060 59.586207 89.959839
49.194030 87.172414 96.642570
99.820896 75.034483 85.847390
36.776119 108.137931 95.100402
35.343284 109.241379 80.192771
97.432836 77.241379 51.919679
96.477612 58.482759 106.409639
91.223881 103.724138 84.305221
28.656716 75.034483 48.321285
40.597015 81.655172 36.497992
41.552239 113.655172 83.791165
37.253731 89.379310 95.614458
100.298507 101.517241 77.108434
104.597015 91.586207 85.333333
81.671642 77.241379 38.554217
81.194030 101.517241 80.192771
41.552239 72.827586 85.847390
32.955224 94.896552 72.481928
25.791045 65.103448 102.811245
91.701493 60.689655 98.184739
24.835821 82.758621 100.755020
35.343284 107.034483 68.883534
95.044776 97.103448 87.389558
41.074627 102.620690 60.658635
46.805970 55.172414 30.329317
45.373134 77.241379 34.441767
15.283582 38.620690 73.510040
42.985075 108.137931 73.510040
17.671642 83.862069 77.108434
43.940299 105.931034 73.510040
78.805970 115.862069 83.277108
104.119403 58.482759 86.875502
76.895522 55.172414 106.409639
102.208955 51.862069 93.044177
49.194030 107.034483 81.220884
24.835821 86.068966 49.349398
94.567164 94.896552 104.867470
77.373134 83.862069 108.465863
102.686567 48.551724 82.763052
27.701493 100.413793 62.714859
24.358209 102.620690 76.594378
48.716418 103.724138 82.763052
56.835821 73.931034 39.068273
43.940299 52.965517 70.425703
97.432836 70.620690 38.554217
26.746269 78.344828 79.164659
23.880597 97.103448 90.473896
80.238806 104.827586 70.939759
86.447761 100.413793 68.369478
35.343284 84.965517 49.863454
49.671642 109.241379 84.819277
96.000000 49.655172 82.248996
48.238806 46.344828 15.935743
94.567164 80.551724 95.100402
42.985075 89.379310 97.670683
92.656716 49.655172 104.353414
36.298507 88.275862 97.156627
53.014925 104.827586 85.847390
99.820896 57.379310 80.192771
95.522388 86.068966 90.987952
26.746269 96.000000 84.819277
27.701493 86.068966 100.240964
91.701493 103.724138 101.269076
32.477612 46.344828 27.759036
28.179104 73.931034 47.293173
73.552239 109.241379 83.791165
20.059701 97.103448 82.763052
32.955224 55.172414 102.811245
87.402985 113.655172 91.502008
41.552239 110.344828 87.389558
52.059701 101.517241 80.192771
78.805970 68.413793 107.951807
80.716418 61.793103 112.578313
103.641791 69.517241 78.136546
32.000000 91.586207 48.835341
99.820896 100.413793 90.473896
41.074627 65.103448 34.441767
58.746269 70.620690 37.012048
33.910448 107.034483 86.361446
104.597015 58.482759 65.285141
32.000000 83.862069 100.240964
14.328358 82.758621 72.481928
96.477612 91.586207 56.546185
36.776119 79.448276 65.285141
43.940299 79.448276 105.381526
44.417910 87.172414 38.554217
96.955224 56.275862 105.381526
86.925373 77.241379 107.437751
43.462687 46.344828 87.903614
99.820896 50.758621 86.361446
84.537313 73.931034 112.064257
49.194030 99.310345 75.566265
46.805970 91.586207 98.184739
92.179104 97.103448 103.325301
92.656716 52.965517 106.923695
90.746269 97.103448 60.144578
22.925373 47.448276 62.714859
78.328358 43.034483 108.979920
21.014925 86.068966 64.257028
100.298507 72.827586 78.650602
48.716418 72.827586 45.236948
14.805970 64.000000 69.911647
87.402985 98.206897 84.819277
43.940299 104.827586 96.128514
76.895522 84.965517 47.293173
27.223881 56.275862 44.722892
82.149254 111.448276 80.706827
91.223881 61.793103 89.445783
25.791045 73.931034 60.658635
33.910448 97.103448 92.016064
106.507463 82.758621 63.742972
18.149254 44.137931 101.269076
89.791045 78.344828 47.293173
43.940299 97.103448 57.574297
40.597015 70.620690 37.012048
103.164179 86.068966 91.502008
42.029851 88.275862 88.931727
26.746269 41.931034 63.228916
78.328358 110.344828 73.510040
29.611940 50.758621 84.819277
40.119403 57.379310 35.469880
92.656716 105.931034 86.875502
79.283582 62.896552 98.698795
100.776119 79.448276 55.004016
19.104478 62.896552 64.257028
25.791045 89.379310 65.799197
98.865672 99.310345 88.931727
100.298507 79.448276 85.333333
43.940299 80.551724 105.895582
45.850746 71.724138 43.180723
92.656716 71.724138 72.995984
42.985075 51.862069 106.923695
26.746269 56.275862 107.951807
28.179104 50.758621 103.325301
44.895522 111.448276 78.136546
31.044776 66.206897 33.413655
42.029851 110.344828 91.502008
34.388060 108.137931 86.875502
98.388060 62.896552 30.329317
30.567164 67.310345 32.899598
36.776119 78.344828 65.285141
31.044776 43.034483 103.325301
100.298507 82.758621 95.100402
106.029851 83.862069 61.686747
80.238806 103.724138 72.481928
32.477612 101.517241 95.100402
35.343284 56.275862 102.297189
54.925373 86.068966 47.293173
35.343284 70.620690 107.951807
42.985075 92.689655 80.706827
101.731343 41.931034 95.614458
50.149254 87.172414 47.293173
48.716418 45.241379 19.020080
36.776119 47.448276 105.895582
51.582090 61.793103 29.815261
47.283582 93.793103 87.389558
27.701493 76.137931 41.638554
75.462687 64.000000 107.951807
38.686567 67.310345 108.979920
36.776119 100.413793 76.080321
38.686567 37.517241 72.481928
77.373134 75.034483 106.923695
20.537313 50.758621 54.489960
82.149254 67.310345 114.634538
90.746269 100.413793 96.128514
84.537313 82.758621 45.236948
105.552239 43.034483 86.875502
48.238806 52.965517 26.216867
27.223881 87.172414 77.108434
86.925373 83.862069 47.807229
28.656716 80.551724 90.473896
94.567164 73.931034 42.666667
104.119403 87.172414 55.518072
34.388060 73.931034 108.465863
91.701493 92.689655 55.004016
23.402985 94.896552 59.630522
80.716418 89.379310 56.546185
49.671642 105.931034 81.734940
53.014925 50.758621 23.646586
37.731343 112.551724 85.847390
100.298507 84.965517 95.614458
93.611940 91.586207 100.755020
37.731343 100.413793 92.016064
77.373134 107.034483 92.016064
34.865672 72.827586 104.353414
38.208955 69.517241 31.871486
83.582090 108.137931 94.586345
84.537313 90.482759 97.156627
28.656716 62.896552 27.759036
28.656716 44.137931 25.188755
25.791045 90.482759 94.586345
92.179104 107.034483 80.706827
35.343284 94.896552 103.325301
84.059701 102.620690 103.325301
101.253731 93.793103 74.538153
50.149254 83.862069 39.582329
88.835821 66.206897 107.951807
84.059701 92.689655 96.128514
102.208955 66.206897 67.855422
82.149254 115.862069 82.248996
82.149254 87.172414 108.979920
82.149254 118.068966 85.847390
94.567164 81.655172 62.714859
42.985075 58.482759 105.895582
32.000000 90.482759 47.807229
76.895522 57.379310 105.895582
44.895522 100.413793 87.903614
29.134328 71.724138 102.811245
85.970149 107.034483 72.481928
19.582090 65.103448 57.574297
37.731343 69.517241 48.835341
45.373134 99.310345 66.827309
40.597015 82.758621 98.698795
44.895522 67.310345 33.413655
82.149254 71.724138 111.550201
16.716418 77.241379 60.658635
92.179104 51.862069 106.923695
35.343284 76.137931 81.220884
87.402985 78.344828 112.064257
20.537313 39.724138 73.510040
90.746269 98.206897 73.510040
92.656716 108.137931 76.594378
46.805970 86.068966 96.642570
