46.805970 56.275862 84.305221
106.985075 77.241379 63.228916
81.671642 50.758621 89.445783
106.029851 66.206897 55.518072
34.388060 75.034483 107.951807
77.850746 58.482759 105.381526
101.253731 55.172414 96.128514
25.791045 48.551724 66.313253
82.149254 118.068966 85.847390
100.776119 56.275862 86.875502
82.626866 72.827586 111.036145
41.074627 48.551724 66.827309
82.149254 77.241379 38.554217
43.940299 81.655172 105.381526
27.223881 58.482759 44.722892
95.044776 97.103448 86.875502
95.044776 80.551724 104.867470
92.179104 55.172414 104.353414
29.611940 76.137931 81.734940
104.119403 54.068966 81.220884
32.477612 64.000000 109.493976
101.731343 75.034483 81.734940
98.388060 96.000000 65.285141
38.686567 68.413793 108.465863
35.820896 107.034483 68.369478
58.268657 70.620690 36.497992
44.417910 67.310345 32.385542
91.701493 64.000000 89.445783
41.552239 49.655172 19.020080
103.641791 48.551724 88.417671
42.985075 61.793103 105.895582
56.358209 73.931034 38.554217
87.402985 113.655172 91.502008
93.134328 104.827586 86.875502
31.044776 54.068966 101.783133
78.328358 80.551724 40.096386
45.850746 100.413793 65.799197
76.895522 77.241379 109.493976
34.865672 70.620690 107.437751
82.149254 111.448276 97.670683
106.029851 71.724138 70.939759
81.671642 89.379310 111.550201
41.552239 109.241379 70.425703
95.044776 81.655172 94.586345
96.477612 99.310345 69.911647
81.194030 105.931034 80.192771
32.000000 99.310345 97.670683
44.895522 102.620690 89.959839
99.343284 100.413793 89.959839
41.552239 110.344828 87.389558
37.731343 69.517241 48.321285
101.253731 94.896552 74.538153
45.373134 77.241379 34.441767
100.776119 80.551724 85.333333
28.179104 78.344828 86.875502
39.164179 82.758621 55.004016
80.238806 104.827586 70.939759
77.373134 81.655172 108.979920
43.940299 56.275862 70.425703
84.059701 55.172414 113.092369
47.283582 94.896552 86.875502
49.671642 100.413793 75.052209
95.044776 75.034483 43.694779
106.029851 70.620690 56.032129
35.343284 84.965517 49.349398
27.701493 50.758621 96.642570
44.417910 105.931034 72.995984
36.298507 103.724138 90.987952
81.194030 102.620690 80.192771
103.641791 71.724138 87.389558
35.820896 109.241379 79.678715
101.253731 52.965517 94.072289
91.701493 64.000000 107.437751
51.104478 61.793103 29.301205
92.656716 108.137931 76.594378
