48.716418 59.586207 83.791165
106.985075 78.344828 64.771084
81.671642 54.068966 91.502008
106.507463 68.413793 56.032129
34.388060 79.448276 106.923695
78.328358 61.793103 105.895582
100.776119 57.379310 97.156627
25.791045 51.862069 68.369478
82.149254 118.068966 85.847390
100.776119 57.379310 88.417671
82.149254 75.034483 111.550201
41.074627 51.862069 68.883534
82.626866 79.448276 39.582329
43.940299 83.862069 104.867470
27.223881 59.586207 44.208835
95.044776 98.206897 88.417671
95.044776 82.758621 105.895582
91.701493 57.379310 105.381526
29.611940 78.344828 81.220884
104.119403 58.482759 84.819277
32.477612 69.517241 109.493976
101.253731 77.241379 83.277108
97.910448 97.103448 66.827309
38.686567 72.827586 107.951807
36.298507 107.034483 68.369478
58.268657 71.724138 36.497992
44.895522 68.413793 32.899598
92.179104 66.206897 89.959839
41.074627 51.862069 19.534137
104.119403 49.655172 89.959839
42.985075 67.310345 106.409639
56.835821 73.931034 38.040161
86.925373 113.655172 92.016064
92.656716 104.827586 87.389558
31.044776 61.793103 104.353414
79.283582 81.655172 41.124498
45.850746 99.310345 66.827309
77.373134 79.448276 109.493976
35.343284 77.241379 106.409639
82.149254 111.448276 97.670683
106.985075 73.931034 70.939759
81.671642 90.482759 110.522088
42.029851 109.241379 69.911647
94.089552 82.758621 94.072289
96.000000 100.413793 71.453815
81.194030 105.931034 80.706827
31.522388 100.413793 98.184739
45.373134 103.724138 89.959839
99.820896 101.517241 89.959839
42.029851 110.344828 86.875502
37.731343 70.620690 47.807229
100.776119 94.896552 75.566265
45.373134 77.241379 34.441767
101.253731 82.758621 86.361446
28.179104 80.551724 86.361446
39.164179 82.758621 55.518072
80.238806 105.931034 70.939759
77.373134 82.758621 108.465863
43.940299 58.482759 70.939759
83.104478 57.379310 113.092369
47.283582 94.896552 87.903614
49.671642 100.413793 75.566265
95.522388 76.137931 44.722892
106.507463 72.827586 56.032129
35.820896 86.068966 50.377510
27.701493 55.172414 100.240964
44.895522 105.931034 72.995984
36.298507 104.827586 90.473896
81.671642 102.620690 80.706827
104.119403 73.931034 87.903614
35.820896 109.241379 79.164659
101.731343 54.068966 95.614458
91.701493 66.206897 107.437751
51.582090 62.896552 28.787149
92.179104 108.137931 77.108434
