48.716418 54.068966 81.734940
106.507463 76.137931 63.228916
81.194030 50.758621 88.931727
106.029851 66.206897 55.518072
34.388060 73.931034 107.951807
77.850746 57.379310 105.381526
101.731343 51.862069 95.100402
26.268657 44.137931 63.742972
82.149254 118.068966 85.847390
100.298507 52.965517 86.361446
82.149254 72.827586 111.550201
41.074627 45.241379 65.285141
81.671642 77.241379 38.040161
43.940299 80.551724 105.895582
27.223881 57.379310 44.722892
95.044776 97.103448 86.875502
95.044776 79.448276 105.895582
92.179104 51.862069 104.353414
30.089552 76.137931 81.734940
104.119403 52.965517 82.248996
32.000000 61.793103 109.493976
101.253731 73.931034 81.734940
98.388060 96.000000 65.285141
38.686567 67.310345 108.979920
35.343284 107.034483 68.369478
58.268657 70.620690 36.497992
44.417910 67.310345 32.899598
91.701493 61.793103 88.931727
42.029851 49.655172 18.506024
104.597015 45.241379 86.875502
42.985075 58.482759 105.381526
56.835821 73.931034 38.554217
87.402985 113.655172 91.502008
93.134328 104.827586 87.389558
30.567164 51.862069 102.811245
78.328358 80.551724 40.096386
45.373134 99.310345 66.313253
76.895522 76.137931 109.493976
35.343284 71.724138 107.951807
82.149254 111.448276 97.670683
106.029851 71.724138 70.425703
81.671642 88.275862 111.036145
41.074627 109.241379 70.425703
95.522388 80.551724 94.586345
96.477612 99.310345 69.911647
81.194030 104.827586 80.706827
31.522388 99.310345 97.670683
44.895522 102.620690 90.473896
99.820896 100.413793 90.473896
41.552239 110.344828 87.389558
37.731343 69.517241 48.321285
101.253731 93.793103 74.538153
45.373134 77.241379 33.927711
100.776119 79.448276 84.819277
28.656716 77.241379 87.389558
39.164179 82.758621 55.004016
80.238806 104.827586 70.939759
77.373134 80.551724 109.493976
43.462687 54.068966 69.911647
84.059701 50.758621 112.064257
47.283582 93.793103 86.875502
49.194030 99.310345 75.052209
95.044776 75.034483 43.694779
106.029851 70.620690 55.518072
35.343284 84.965517 49.349398
26.746269 47.448276 96.128514
43.940299 105.931034 72.995984
36.298507 103.724138 90.987952
81.194030 101.517241 80.192771
103.164179 70.620690 87.389558
35.343284 109.241379 79.678715
101.731343 50.758621 94.072289
91.223881 61.793103 107.437751
51.582090 61.793103 29.301205
92.656716 108.137931 76.594378
