49.194030 59.586207 83.791165
106.507463 78.344828 63.742972
82.149254 54.068966 91.502008
106.507463 68.413793 56.032129
34.388060 80.551724 106.409639
78.328358 61.793103 106.409639
100.776119 58.482759 97.670683
25.313433 51.862069 68.369478
81.671642 118.068966 86.361446
100.776119 58.482759 88.931727
82.149254 76.137931 111.550201
40.597015 51.862069 69.397590
82.626866 78.344828 39.582329
43.462687 83.862069 104.353414
27.223881 59.586207 44.208835
95.044776 98.206897 87.903614
95.044776 82.758621 104.867470
91.701493 57.379310 105.895582
30.089552 79.448276 80.706827
104.597015 59.586207 84.819277
32.477612 70.620690 109.493976
101.731343 77.241379 83.277108
98.388060 97.103448 65.799197
38.686567 75.034483 107.951807
36.298507 107.034483 67.855422
58.268657 71.724138 36.497992
44.895522 68.413793 32.899598
92.179104 66.206897 89.959839
41.074627 52.965517 20.562249
103.641791 49.655172 90.473896
42.985075 67.310345 106.409639
56.358209 73.931034 39.068273
86.925373 113.655172 92.016064
93.134328 105.931034 87.903614
31.522388 61.793103 104.867470
79.283582 81.655172 41.124498
46.328358 100.413793 66.313253
77.373134 79.448276 108.979920
34.865672 77.241379 105.895582
81.671642 111.448276 97.670683
106.985075 75.034483 71.453815
81.194030 91.586207 110.522088
42.029851 109.241379 70.425703
95.522388 83.862069 94.586345
96.477612 100.413793 70.425703
81.671642 105.931034 81.220884
32.000000 100.413793 97.670683
45.373134 103.724138 90.473896
99.820896 101.517241 90.473896
42.029851 110.344828 86.875502
38.208955 71.724138 48.321285
101.253731 94.896552 75.052209
45.850746 77.241379 34.955823
100.776119 82.758621 85.847390
28.179104 81.655172 85.847390
39.164179 82.758621 56.032129
80.716418 105.931034 71.453815
77.373134 83.862069 108.979920
42.985075 59.586207 71.967871
83.104478 57.379310 113.606426
47.283582 94.896552 87.389558
50.149254 100.413793 75.052209
95.522388 76.137931 44.722892
106.507463 72.827586 56.546185
35.820896 86.068966 50.377510
28.179104 56.275862 99.726908
44.895522 105.931034 72.995984
36.776119 103.724138 90.987952
81.671642 102.620690 80.192771
104.119403 75.034483 88.417671
36.298507 109.241379 79.678715
101.731343 55.172414 96.128514
91.701493 67.310345 107.437751
51.104478 62.896552 29.815261
92.179104 108.137931 77.622490
